-0.19,8
0.13,18
-0.38,28
0.07,38
-0.17,48
0.02,58
-0.24,68
-0.13,78
-0.41,88
-0.41,98
-0.51,108
-0.28,118
-0.51,128
-0.11,138
-0.27,148
-0.34,158
-0.48,168
-0.15,178
-0.26,188
-0.37,198
-0.52,208
-0.13,218
-0.37,228
-0.13,238
-0.44,248
-0.55,258
-0.21,268
-0.31,278
-0.53,288
-0.08,298
-0.45,308
-0.22,318
-0.46,328
-0.07,338
-0.55,348
0.13,358
-0.30,368
-0.16,378
-0.20,388
-0.01,398
-0.16,408
0.02,418
-0.02,428
0.08,438
0.02,448
0.11,458
0.20,468
0.15,478
0.16,488
0.17,498
0.18,508
0.18,518
0.27,528
0.45,538
0.18,548
0.32,558
0.20,568
0.45,578
0.27,588
0.29,598
0.30,608
0.51,618
0.29,628
0.38,638
0.23,648
0.68,658
0.44,668
0.37,678
0.34,688
0.56,698
0.37,708
0.48,718
0.51,728
0.41,738
0.43,748
0.79,758
0.63,768
0.44,778
0.49,788
0.77,798
0.38,808
0.57,818
0.48,828
0.70,838
0.70,848
0.76,858
0.32,868
0.53,878
0.38,888
0.43,898
0.53,908
0.74,918
0.34,928
0.56,938
0.47,948
0.41,958
0.20,968
0.75,978
0.33,988
0.43,998
0.37,1008
0.41,1018
0.16,1028
0.62,1038
0.40,1048
0.31,1058
0.42,1068
0.57,1078
0.28,1088
0.62,1098
0.27,1108
0.33,1118
0.23,1128
0.30,1138
0.24,1148
0.24,1158
0.03,1168
0.35,1178
0.13,1188
0.24,1198
0.04,1208
0.20,1218
0.19,1228
0.27,1238
0.05,1248
0.20,1258
0.11,1268
0.45,1278
0.21,1288
0.14,1298
0.09,1308
0.14,1318
0.09,1328
0.16,1338
-0.02,1348
-0.05,1358
-0.12,1368
0.08,1378
-0.17,1388
0.41,1398
0.01,1408
0.17,1418
0.00,1428
-0.23,1438
0.13,1448
-0.02,1458
-0.05,1468
0.16,1478
-0.08,1488
-0.34,1498
-0.22,1508
0.24,1518
-0.24,1528
-0.23,1538
-0.30,1548
-0.07,1558
-0.24,1568
-0.09,1578
-0.33,1588
-0.34,1598
-0.05,1608
-0.34,1618
-0.06,1628
-0.03,1638
-0.48,1648
-0.30,1658
-0.39,1668
-0.29,1678
-0.35,1688
-0.47,1698
-0.32,1708
-0.36,1718
-0.40,1728
-0.31,1738
-0.53,1748
-0.72,1758
-0.38,1768
-0.30,1778
-0.76,1788
-0.69,1798
-0.61,1808
-0.45,1818
-0.72,1828
-0.34,1838
-0.91,1848
-0.67,1858
-0.59,1868
-0.57,1878
-0.52,1888
-0.61,1898
-0.83,1908
-0.43,1918
-0.70,1928
-0.43,1938
-0.80,1948
-0.73,1958
-0.73,1968
-0.63,1978
-0.79,1988
-0.73,1998
-0.85,2008
-0.88,2018
-1.01,2028
-0.88,2038
-0.87,2048
-0.88,2058
-0.91,2068
-0.80,2078
-1.07,2088
-0.80,2098
-1.05,2108
-0.88,2118
-1.05,2128
-1.04,2138
-1.21,2148
-1.23,2158
-1.12,2168
-0.89,2178
-1.16,2188
-1.05,2198
-1.25,2208
-1.12,2218
-1.12,2228
-1.30,2238
-1.39,2248
-0.91,2258
-0.90,2268
-0.48,2278
-0.75,2288
-0.55,2298
-0.73,2308
-0.39,2318
-0.80,2328
-0.70,2338
-0.67,2348
-0.23,2358
-0.66,2368
-0.21,2378
-0.61,2388
-0.29,2398
-0.53,2408
-0.24,2418
-0.52,2428
-0.35,2438
-0.44,2448
-0.22,2458
-0.54,2468
-0.16,2478
-0.48,2488
-0.12,2498
-0.32,2508
-0.33,2518
-0.33,2528
-0.24,2538
-0.46,2548
-0.26,2558
-0.18,2568
-0.48,2578
-0.46,2588
-0.49,2598
-0.57,2608
-0.45,2618
-0.53,2628
-0.37,2638
-0.45,2648
-0.09,2658
-0.62,2668
-0.47,2678
-0.63,2688
-0.62,2698
-0.37,2708
-0.51,2718
-0.57,2728
-0.37,2738
-0.66,2748
-0.45,2758
-0.62,2768
-0.52,2778
-0.83,2788
-0.57,2798
-0.68,2808
-0.85,2818
-0.59,2828
-0.79,2838
-0.55,2848
-0.60,2858
-0.83,2868
-0.71,2878
-0.64,2888
-0.74,2898
-0.78,2908
-0.80,2918
-0.91,2928
-0.79,2938
-1.09,2948
-0.60,2958
-1.11,2968
-0.81,2978
-1.05,2988
-0.98,2998
-1.12,3008
-0.74,3018
-1.02,3028
-0.87,3038
-1.12,3048
-1.10,3058
-1.25,3068
-1.15,3078
-1.15,3088
-1.02,3098
-1.17,3108
-0.98,3118
-1.32,3128
-1.21,3138
-1.38,3148
-1.09,3158
-1.41,3168
-1.37,3178
-1.48,3188
-1.42,3198
-1.49,3208
-1.34,3218
-1.66,3228
-1.34,3238
-1.65,3248
-1.33,3258
-1.58,3268
-1.56,3278
-1.79,3288
-1.59,3298
-1.79,3308
-1.74,3318
-2.16,3328
-1.50,3338
-1.74,3348
-1.77,3358
-2.17,3368
-1.94,3378
-1.85,3388
-1.97,3398
-2.02,3408
-1.99,3418
-2.04,3428
-1.98,3438
-1.98,3448
-1.81,3458
-1.91,3468
-1.83,3478
-1.99,3488
-1.82,3498
-1.82,3508
-1.85,3518
-1.92,3528
-1.61,3538
-2.10,3548
-1.58,3558
-2.11,3568
-1.78,3578
-2.24,3588
-1.90,3598
-2.02,3608
-2.00,3618
-2.23,3628
-1.99,3638
-2.12,3648
-1.91,3658
-1.95,3668
-1.79,3678
-2.12,3688
-1.93,3698
-2.12,3708
-1.96,3718
-2.00,3728
-2.01,3738
-2.27,3748
-2.12,3758
-2.09,3768
-1.77,3778
-2.18,3788
-2.00,3798
-2.32,3808
-2.18,3818
-2.12,3828
-2.29,3838
-2.27,3848
-1.83,3858
-2.34,3868
-1.97,3878
-2.42,3888
-2.22,3898
-2.39,3908
-2.32,3918
-2.39,3928
-2.45,3938
-2.55,3948
-2.20,3958
-2.52,3968
-2.41,3978
-2.46,3988
-2.29,3998
-2.47,4008
-2.02,4018
-2.34,4028
-2.12,4038
-2.46,4048
-2.10,4058
-2.59,4068
-2.55,4078
-2.69,4088
-2.28,4098
-2.78,4108
-2.68,4118
-2.68,4128
-2.80,4138
-2.66,4148
-2.73,4158
-2.92,4168
-2.50,4178
-2.94,4188
-2.84,4198
-2.78,4208
-2.91,4218
-3.07,4228
-2.63,4238
-2.81,4248
-2.64,4258
-3.15,4268
-2.98,4278
-3.12,4288
-2.74,4298
-3.10,4308
-3.05,4318
-3.04,4328
-2.74,4338
-3.01,4348
-2.87,4358
-3.05,4368
-3.28,4378
-3.20,4388
-3.09,4398
-2.96,4408
-3.02,4418
-3.21,4428
-2.99,4438
-3.26,4448
-3.15,4458
-3.24,4468
-2.98,4478
-3.21,4488
-3.26,4498
-3.02,4508
-3.14,4518
-3.41,4528
-3.19,4538
-3.12,4548
-3.02,4558
-3.23,4568
-3.28,4578
-3.14,4588
-3.20,4598
-3.34,4608
-2.98,4618
-3.20,4628
-3.02,4638
-3.34,4648
-3.02,4658
-3.21,4668
-3.13,4678
-3.34,4688
-3.10,4698
-3.37,4708
-3.30,4718
-3.11,4728
-3.17,4738
-3.55,4748
-3.12,4758
-3.34,4768
-2.92,4778
-3.21,4788
-2.97,4798
-3.12,4808
-3.02,4818
-3.03,4828
-2.95,4838
-3.16,4848
-2.97,4858
-3.19,4868
-2.80,4878
-3.16,4888
-3.21,4898
-3.13,4908
-3.17,4918
-3.13,4928
-3.11,4938
-3.13,4948
-3.16,4958
-3.23,4968
-3.04,4978
-3.22,4988
-3.23,4998
-3.24,5008
-3.02,5018
-3.08,5028
-2.87,5038
-3.36,5048
-2.82,5058
-2.92,5068
-3.10,5078
-3.18,5088
-2.98,5098
-3.05,5108
-2.79,5118
-3.05,5128
-3.09,5138
-3.11,5148
-2.62,5158
-3.00,5168
-2.65,5178
-2.94,5188
-2.90,5198
-2.79,5208
-2.77,5218
-2.86,5228
-2.93,5238
-2.77,5248
-2.68,5258
-2.74,5268
-2.54,5278
-2.58,5288
-2.45,5298
-2.56,5308
-2.58,5318
-2.42,5328
-2.23,5338
-2.44,5348
-2.40,5358
-2.35,5368
-2.23,5378
-2.30,5388
-2.37,5398
-2.43,5408
-2.34,5418
-2.33,5428
-2.14,5438
-2.31,5448
-2.15,5458
-2.46,5468
-2.27,5478
-2.32,5488
-2.12,5498
-2.23,5508
-2.20,5518
-2.23,5528
-2.00,5538
-2.34,5548
-1.96,5558
-2.36,5568
-1.98,5578
-2.18,5588
-1.70,5598
-2.16,5608
-1.90,5618
-2.09,5628
-2.13,5638
-2.20,5648
-1.91,5658
-2.26,5668
-1.78,5678
-2.09,5688
-2.05,5698
-2.18,5708
-2.19,5718
-2.18,5728
-1.91,5738
-2.27,5748
-2.02,5758
-2.19,5768
-2.00,5778
-2.30,5788
-1.92,5798
-2.26,5808
-1.94,5818
-2.30,5828
-2.34,5838
-2.26,5848
-2.05,5858
-2.19,5868
-1.98,5878
-2.29,5888
-2.27,5898
-2.34,5908
-1.87,5918
-2.34,5928
-2.22,5938
-2.37,5948
-1.83,5958
-2.10,5968
-1.89,5978
-2.20,5988
-2.11,5998
-2.18,6008
-2.33,6018
-2.30,6028
-2.20,6038
-2.30,6048
-2.08,6058
-2.38,6068
-2.04,6078
-2.51,6088
-2.34,6098
-2.37,6108
-2.13,6118
-2.37,6128
-2.33,6138
-2.46,6148
-2.03,6158
-2.60,6168
-2.73,6178
-2.56,6188
-2.47,6198
-2.67,6208
-2.36,6218
-2.70,6228
-2.60,6238
-2.75,6248
-2.67,6258
-3.01,6268
-2.82,6278
-2.86,6288
-2.52,6298
-2.93,6308
-2.86,6318
-3.04,6328
-2.70,6338
-3.23,6348
-3.10,6358
-3.15,6368
-3.12,6378
-3.16,6388
-3.07,6398
-3.15,6408
-3.11,6418
-3.00,6428
-3.37,6438
-3.35,6448
-3.05,6458
-3.09,6468
-3.20,6478
-3.27,6488
-3.16,6498
-3.23,6508
-3.32,6518
-3.23,6528
-2.91,6538
-3.27,6548
-3.12,6558
-3.36,6568
-3.31,6578
-3.37,6588
-3.36,6598
-3.45,6608
-3.44,6618
-3.40,6628
-3.24,6638
-3.50,6648
-3.34,6658
-3.65,6668
-3.37,6678
-3.48,6688
-3.34,6698
-3.70,6708
-3.62,6718
-3.73,6728
-3.45,6738
-3.66,6748
-3.61,6758
-3.73,6768
-3.55,6778
-3.87,6788
-3.66,6798
-3.91,6808
-3.98,6818
-3.90,6828
-3.65,6838
-3.91,6848
-3.88,6858
-4.04,6868
-3.90,6878
-4.02,6888
-3.81,6898
-4.15,6908
-4.02,6918
-4.12,6928
-3.88,6938
-4.19,6948
-3.84,6958
-4.27,6968
-4.03,6978
-4.23,6988
-4.13,6998
-4.26,7008
-4.31,7018
-4.45,7028
-4.35,7038
-4.44,7048
-4.20,7058
-4.45,7068
-4.20,7078
-4.42,7088
-4.33,7098
-4.49,7108
-4.21,7118
-4.53,7128
-4.45,7138
-4.50,7148
-4.39,7158
-4.57,7168
-4.15,7178
-4.59,7188
-4.43,7198
-4.55,7208
-4.46,7218
-4.50,7228
-4.48,7238
-4.86,7248
-4.50,7258
-4.68,7268
-4.73,7278
-4.62,7288
-4.56,7298
-4.66,7308
-4.70,7318
-4.58,7328
-4.41,7338
-4.78,7348
-4.65,7358
-4.62,7368
-4.60,7378
-4.66,7388
-4.84,7398
-4.97,7408
-4.68,7418
-5.00,7428
-4.95,7438
-5.04,7448
-4.94,7458
-5.12,7468
-5.06,7478
-5.14,7488
-4.95,7498
-5.09,7508
-5.20,7518
-5.29,7528
-5.26,7538
-5.40,7548
-5.08,7558
-5.37,7568
-5.20,7578
-5.42,7588
-5.02,7598
-5.36,7608
-5.26,7618
-5.62,7628
-5.28,7638
-5.64,7648
-5.40,7658
-5.73,7668
-5.44,7678
-5.51,7688
-5.17,7698
-5.66,7708
-5.52,7718
-5.55,7728
-5.61,7738
-5.69,7748
-5.21,7758
-5.59,7768
-5.20,7778
-5.60,7788
-5.62,7798
-5.38,7808
-5.18,7818
-5.56,7828
-5.61,7838
-5.35,7848
-5.04,7858
-5.27,7868
-5.33,7878
-5.63,7888
-5.16,7898
-5.68,7908
-5.26,7918
-5.70,7928
-5.51,7938
-5.74,7948
-5.45,7958
-5.92,7968
-5.68,7978
-5.47,7988
-5.59,7998
-5.81,8008
-5.86,8018
-5.84,8028
-5.84,8038
-6.10,8048
-5.76,8058
-5.88,8068
-5.88,8078
-6.19,8088
-6.11,8098
-6.14,8108
-5.95,8118
-6.08,8128
-5.74,8138
-6.09,8148
-5.91,8158
-6.49,8168
-6.31,8178
-6.20,8188
-6.00,8198
-6.41,8208
-6.20,8218
-6.27,8228
-6.12,8238
-6.47,8248
-6.45,8258
-6.36,8268
-6.39,8278
-6.46,8288
-6.30,8298
-6.45,8308
-6.45,8318
-6.54,8328
-6.60,8338
-6.59,8348
-6.62,8358
-6.85,8368
-6.71,8378
-6.57,8388
-6.56,8398
-6.66,8408
-6.42,8418
-6.56,8428
-6.76,8438
-6.59,8448
-6.34,8458
-6.55,8468
-6.36,8478
-6.66,8488
-6.55,8498
-6.54,8508
-6.42,8518
-6.53,8528
-6.23,8538
-6.36,8548
-6.21,8558
-6.46,8568
-6.20,8578
-6.57,8588
-6.27,8598
-6.23,8608
-6.55,8618
-6.48,8628
-6.20,8638
-6.29,8648
-6.45,8658
-6.59,8668
-6.30,8678
-6.20,8688
-6.31,8698
-6.41,8708
-6.21,8718
-6.35,8728
-6.34,8738
-6.44,8748
-6.50,8758
-6.40,8768
-6.52,8778
-6.51,8788
-6.09,8798
-6.27,8808
-6.30,8818
-6.37,8828
-6.28,8838
-6.40,8848
-6.29,8858
-6.26,8868
-6.13,8878
-6.27,8888
-6.17,8898
-6.35,8908
-6.23,8918
-6.33,8928
-6.35,8938
-6.31,8948
-6.09,8958
-6.38,8968
-5.98,8978
-6.09,8988
-5.82,8998
-6.14,9008
-5.93,9018
-5.95,9028
-5.83,9038
-6.00,9048
-5.84,9058
-6.00,9068
-5.76,9078
-5.71,9088
-5.81,9098
-5.98,9108
-5.66,9118
-5.80,9128
-5.73,9138
-5.83,9148
-5.59,9158
-5.85,9168
-5.52,9178
-5.78,9188
-5.62,9198
-5.58,9208
-5.34,9218
-5.73,9228
-5.77,9238
-5.57,9248
-5.48,9258
-5.50,9268
-5.55,9278
-5.91,9288
-5.52,9298
-5.49,9308
-5.68,9318
-5.48,9328
-5.62,9338
-5.60,9348
-5.64,9358
-5.59,9368
-5.59,9378
-5.66,9388
-5.77,9398
-5.87,9408
-5.49,9418
-5.80,9428
-5.77,9438
-5.83,9448
-5.83,9458
-6.05,9468
-5.94,9478
-5.88,9488
-5.80,9498
-6.03,9508
-5.91,9518
-6.09,9528
-5.77,9538
-5.93,9548
-5.98,9558
-6.09,9568
-5.98,9578
-5.96,9588
-5.81,9598
-5.85,9608
-5.85,9618
-5.97,9628
-6.10,9638
-5.88,9648
-5.82,9658
-5.86,9668
-5.80,9678
-6.15,9688
-5.97,9698
-5.98,9708
-6.19,9718
-5.98,9728
-6.09,9738
-6.21,9748
-6.30,9758
-6.45,9768
-6.18,9778
-6.37,9788
-6.43,9798
-6.31,9808
-6.51,9818
-6.48,9828
-6.70,9838
-6.62,9848
-6.46,9858
-6.80,9868
-6.77,9878
-6.68,9888
-6.80,9898
-6.75,9908
-6.81,9918
-7.15,9928
-6.84,9938
-6.94,9948
-6.81,9958
-7.23,9968
-6.97,9978
-7.20,9988
-7.02,9998
-7.25,10008
-7.35,10018
-7.45,10028
-7.26,10038
-7.63,10048
-7.27,10058
-7.72,10068
-7.53,10078
-7.70,10088
-7.51,10098
-7.68,10108
-7.65,10118
-7.92,10128
-7.78,10138
-8.04,10148
-7.98,10158
-8.08,10168
-7.90,10178
-7.94,10188
-7.88,10198
-7.95,10208
-7.84,10218
-7.87,10228
-7.66,10238
-8.13,10248
-7.95,10258
-8.09,10268
-7.90,10278
-7.93,10288
-8.09,10298
-8.07,10308
-8.01,10318
-7.98,10328
-8.13,10338
-8.18,10348
-8.05,10358
-8.37,10368
-8.09,10378
-8.41,10388
-7.97,10398
-8.40,10408
-7.99,10418
-8.32,10428
-8.50,10438
-8.47,10448
-8.35,10458
-8.62,10468
-8.24,10478
-8.37,10488
-8.62,10498
-8.64,10508
-8.48,10518
-8.44,10528
-8.53,10538
-8.64,10548
-8.68,10558
-8.72,10568
-8.37,10578
-8.54,10588
-8.59,10598
-8.80,10608
-8.58,10618
-8.59,10628
-8.55,10638
-8.66,10648
-8.77,10658
-8.86,10668
-8.85,10678
-8.82,10688
-8.80,10698
-8.93,10708
-8.99,10718
-9.00,10728
-8.83,10738
-8.90,10748
-9.05,10758
-9.16,10768
-8.94,10778
-9.32,10788
-8.97,10798
-9.34,10808
-9.21,10818
-9.32,10828
-9.18,10838
-9.58,10848
-9.38,10858
-9.63,10868
-9.38,10878
-9.63,10888
-9.24,10898
-9.65,10908
-9.52,10918
-9.63,10928
-9.61,10938
-9.68,10948
-9.81,10958
-9.76,10968
-9.62,10978
-9.94,10988
-9.46,10998
-10.07,11008
-9.70,11018
-10.14,11028
-9.95,11038
-10.11,11048
-10.10,11058
-10.36,11068
-9.97,11078
-10.35,11088
-10.08,11098
-10.56,11108
-10.05,11118
-10.45,11128
-10.35,11138
-10.66,11148
-10.42,11158
-10.80,11168
-10.52,11178
-10.70,11188
-10.61,11198
-10.91,11208
-10.77,11218
-11.06,11228
-10.84,11238
-11.20,11248
-10.96,11258
-11.21,11268
-11.25,11278
-11.50,11288
-11.55,11298
-11.41,11308
-11.57,11318
-11.73,11328
-11.63,11338
-11.90,11348
-11.95,11358
-12.23,11368
-11.87,11378
-12.17,11388
-12.16,11398
-12.03,11408
-12.25,11418
-12.34,11428
-12.56,11438
-12.59,11448
-12.45,11458
-12.82,11468
-12.84,11478
-12.89,11488
-12.97,11498
-12.77,11508
-12.91,11518
-13.18,11528
-13.26,11538
-13.26,11548
-13.23,11558
-13.27,11568
-13.33,11578
-13.34,11588
-13.30,11598
-13.56,11608
-13.35,11618
-13.52,11628
-13.33,11638
-13.59,11648
-13.29,11658
-13.55,11668
-13.31,11678
-13.59,11688
-13.55,11698
-13.68,11708
-13.63,11718
-13.72,11728
-13.65,11738
-13.91,11748
-13.91,11758
-14.07,11768
-14.05,11778
-14.15,11788
-14.14,11798
-14.13,11808
-14.26,11818
-14.41,11828
-14.26,11838
-14.50,11848
-14.18,11858
-14.50,11868
-14.43,11878
-14.77,11888
-14.68,11898
-14.73,11908
-14.66,11918
-14.64,11928
-14.84,11938
-14.95,11948
-14.77,11958
-15.09,11968
-14.80,11978
-15.15,11988
-14.84,11998
-15.09,12008
-15.13,12018
-15.09,12028
-15.09,12038
-15.18,12048
-15.26,12058
-15.29,12068
-15.16,12078
-15.46,12088
-15.45,12098
-15.46,12108
-15.59,12118
-15.48,12128
-15.38,12138
-15.71,12148
-15.38,12158
-15.89,12168
-15.59,12178
-15.78,12188
-15.59,12198
-15.92,12208
-15.77,12218
-15.92,12228
-16.07,12238
-16.10,12248
-16.02,12258
-15.94,12268
-16.14,12278
-16.21,12288
-15.95,12298
-16.36,12308
-15.98,12318
-16.23,12328
-16.06,12338
-16.30,12348
-16.07,12358
-16.05,12368
-16.09,12378
-16.37,12388
-16.30,12398
-16.40,12408
-16.09,12418
-16.45,12428
-16.19,12438
-16.52,12448
-16.25,12458
-16.41,12468
-16.42,12478
-16.80,12488
-16.29,12498
-16.45,12508
-16.42,12518
-16.55,12528
-16.35,12538
-16.66,12548
-16.38,12558
-16.73,12568
-16.55,12578
-16.74,12588
-16.57,12598
-16.96,12608
-16.57,12618
-16.90,12628
-16.86,12638
-16.84,12648
-16.93,12658
-16.98,12668
-16.84,12678
-16.82,12688
-16.73,12698
-17.12,12708
-16.89,12718
-17.35,12728
-16.87,12738
-17.15,12748
-17.16,12758
-17.35,12768
-16.99,12778
-17.13,12788
-17.15,12798
-17.26,12808
-17.10,12818
-17.36,12828
-17.16,12838
-17.30,12848
-17.16,12858
-17.33,12868
-17.12,12878
-17.47,12888
-16.96,12898
-17.44,12908
-17.25,12918
-17.13,12928
-17.20,12938
-17.48,12948
-17.12,12958
-17.25,12968
-17.32,12978
-17.46,12988
-17.41,12998
