20.53,8
20.55,18
20.29,28
20.59,38
20.55,48
20.61,58
20.41,68
20.67,78
20.61,88
20.52,98
20.38,108
20.58,118
20.16,128
20.51,138
20.11,148
20.48,158
20.54,168
20.55,178
20.37,188
20.48,198
20.48,208
20.25,218
20.33,228
20.46,238
20.09,248
20.38,258
20.22,268
20.45,278
20.44,288
20.53,298
20.39,308
20.36,318
20.16,328
20.45,338
20.30,348
20.77,358
20.59,368
20.61,378
20.62,388
20.79,398
20.63,408
20.77,418
21.05,428
20.98,438
20.81,448
21.04,458
21.05,468
21.03,478
20.74,488
21.08,498
20.74,508
21.30,518
21.11,528
21.24,538
21.27,548
21.15,558
21.23,568
21.14,578
20.91,588
21.36,598
21.16,608
21.22,618
21.12,628
21.25,638
21.36,648
21.29,658
21.30,668
21.62,678
21.23,688
21.48,698
21.20,708
21.66,718
21.49,728
21.67,738
21.68,748
21.75,758
21.73,768
21.73,778
21.63,788
22.06,798
22.00,808
21.82,818
21.91,828
22.05,838
21.81,848
22.26,858
21.73,868
21.99,878
21.87,888
21.84,898
21.98,908
21.95,918
21.71,928
21.90,938
21.80,948
21.66,958
21.91,968
21.94,978
21.70,988
21.51,998
21.63,1008
21.94,1018
21.77,1028
21.78,1038
21.64,1048
21.97,1058
21.73,1068
21.99,1078
21.57,1088
21.62,1098
21.92,1108
21.66,1118
21.69,1128
21.83,1138
21.82,1148
21.77,1158
21.78,1168
21.65,1178
21.52,1188
21.62,1198
21.78,1208
21.66,1218
21.74,1228
21.68,1238
21.79,1248
21.73,1258
21.52,1268
22.01,1278
21.58,1288
21.70,1298
21.68,1308
21.70,1318
21.82,1328
21.77,1338
21.91,1348
21.93,1358
21.60,1368
21.84,1378
21.54,1388
21.55,1398
21.37,1408
21.81,1418
21.54,1428
21.60,1438
21.65,1448
21.76,1458
21.35,1468
21.50,1478
21.71,1488
21.77,1498
21.87,1508
21.96,1518
22.04,1528
22.01,1538
22.06,1548
22.53,1558
21.98,1568
22.33,1578
22.21,1588
22.31,1598
22.34,1608
22.48,1618
22.27,1628
22.57,1638
22.30,1648
22.55,1658
22.50,1668
22.70,1678
22.58,1688
22.47,1698
22.62,1708
22.78,1718
22.59,1728
22.40,1738
22.37,1748
22.62,1758
22.69,1768
22.45,1778
22.42,1788
22.57,1798
22.55,1808
22.55,1818
22.66,1828
23.13,1838
22.59,1848
22.87,1858
22.55,1868
22.68,1878
22.85,1888
22.89,1898
22.61,1908
22.86,1918
22.75,1928
22.77,1938
22.70,1948
22.75,1958
22.91,1968
22.78,1978
22.43,1988
22.82,1998
22.98,2008
22.76,2018
22.65,2028
22.74,2038
22.45,2048
22.73,2058
22.75,2068
22.86,2078
22.68,2088
22.67,2098
22.37,2108
22.62,2118
22.42,2128
22.62,2138
22.60,2148
22.72,2158
22.41,2168
22.52,2178
22.33,2188
22.31,2198
22.21,2208
22.31,2218
22.53,2228
22.41,2238
22.11,2248
22.48,2258
22.48,2268
22.38,2278
22.12,2288
22.37,2298
22.13,2308
22.16,2318
22.13,2328
21.94,2338
21.85,2348
22.09,2358
22.15,2368
22.24,2378
21.96,2388
22.00,2398
21.70,2408
21.95,2418
21.87,2428
22.15,2438
21.79,2448
21.67,2458
21.59,2468
21.71,2478
21.84,2488
21.72,2498
21.87,2508
21.73,2518
21.63,2528
21.69,2538
21.65,2548
21.96,2558
21.48,2568
21.88,2578
21.49,2588
21.95,2598
21.37,2608
21.77,2618
21.34,2628
21.55,2638
21.53,2648
21.53,2658
21.45,2668
21.24,2678
21.39,2688
21.41,2698
21.33,2708
21.48,2718
21.21,2728
21.37,2738
21.49,2748
21.37,2758
21.11,2768
21.30,2778
20.92,2788
21.32,2798
21.20,2808
21.11,2818
21.08,2828
21.30,2838
20.92,2848
20.97,2858
21.09,2868
21.28,2878
21.09,2888
21.20,2898
20.96,2908
21.18,2918
20.98,2928
20.91,2938
20.80,2948
20.99,2958
20.69,2968
21.02,2978
20.68,2988
21.04,2998
20.77,3008
20.77,3018
20.52,3028
20.59,3038
20.46,3048
20.91,3058
20.65,3068
20.70,3078
20.52,3088
20.34,3098
20.16,3108
20.53,3118
20.41,3128
20.27,3138
20.26,3148
20.09,3158
19.96,3168
20.21,3178
20.14,3188
20.27,3198
20.04,3208
19.96,3218
20.16,3228
19.84,3238
19.85,3248
20.30,3258
19.91,3268
19.72,3278
19.91,3288
19.79,3298
19.89,3308
19.69,3318
19.53,3328
19.48,3338
19.62,3348
20.02,3358
19.27,3368
19.41,3378
19.40,3388
19.33,3398
19.34,3408
19.23,3418
19.33,3428
19.37,3438
19.12,3448
19.28,3458
19.31,3468
19.29,3478
18.94,3488
19.08,3498
18.96,3508
19.18,3518
18.83,3528
18.96,3538
18.84,3548
18.55,3558
18.91,3568
18.90,3578
18.55,3588
18.54,3598
18.62,3608
18.79,3618
18.42,3628
18.55,3638
18.21,3648
18.40,3658
18.42,3668
18.42,3678
18.15,3688
18.69,3698
18.16,3708
18.33,3718
18.47,3728
18.14,3738
18.46,3748
18.20,3758
17.93,3768
18.12,3778
18.09,3788
18.01,3798
18.29,3808
18.18,3818
18.20,3828
18.15,3838
18.05,3848
18.35,3858
18.00,3868
18.25,3878
18.08,3888
17.97,3898
17.97,3908
17.91,3918
18.11,3928
18.20,3938
17.82,3948
18.08,3958
18.05,3968
18.05,3978
17.73,3988
18.12,3998
17.84,4008
17.65,4018
17.84,4028
17.69,4038
17.72,4048
17.92,4058
17.85,4068
17.67,4078
17.38,4088
17.77,4098
17.41,4108
17.96,4118
17.36,4128
17.48,4138
17.43,4148
17.76,4158
17.49,4168
17.73,4178
17.79,4188
17.80,4198
17.55,4208
17.78,4218
17.38,4228
17.41,4238
17.21,4248
17.05,4258
17.33,4268
17.62,4278
17.33,4288
17.30,4298
17.45,4308
17.30,4318
17.23,4328
17.49,4338
17.15,4348
16.96,4358
17.08,4368
17.36,4378
17.07,4388
17.46,4398
16.99,4408
17.32,4418
16.59,4428
16.60,4438
16.98,4448
16.88,4458
16.90,4468
16.90,4478
16.73,4488
16.63,4498
16.73,4508
16.69,4518
16.59,4528
16.77,4538
16.52,4548
16.58,4558
16.46,4568
16.40,4578
16.43,4588
16.55,4598
16.15,4608
16.61,4618
16.36,4628
16.34,4638
16.23,4648
16.12,4658
16.09,4668
16.30,4678
16.03,4688
16.09,4698
15.98,4708
16.15,4718
15.91,4728
16.03,4738
15.81,4748
16.11,4758
16.00,4768
15.69,4778
15.64,4788
15.73,4798
15.73,4808
16.02,4818
15.57,4828
15.69,4838
15.54,4848
15.77,4858
15.64,4868
15.95,4878
15.79,4888
15.58,4898
15.46,4908
15.81,4918
15.42,4928
15.46,4938
15.24,4948
15.49,4958
15.45,4968
15.96,4978
15.47,4988
15.23,4998
15.42,5008
15.80,5018
15.27,5028
15.61,5038
15.45,5048
15.72,5058
15.25,5068
15.55,5078
15.59,5088
15.23,5098
15.57,5108
15.34,5118
15.34,5128
15.02,5138
15.38,5148
15.16,5158
15.13,5168
15.28,5178
15.03,5188
15.29,5198
15.03,5208
15.19,5218
15.06,5228
15.14,5238
14.76,5248
14.89,5258
14.70,5268
14.95,5278
14.91,5288
15.24,5298
15.12,5308
14.69,5318
14.77,5328
15.00,5338
14.94,5348
15.08,5358
14.79,5368
15.11,5378
14.91,5388
15.09,5398
14.80,5408
15.08,5418
14.93,5428
15.13,5438
14.63,5448
14.96,5458
14.81,5468
14.76,5478
14.75,5488
14.59,5498
14.83,5508
14.64,5518
14.63,5528
14.67,5538
14.89,5548
15.05,5558
14.77,5568
14.90,5578
14.87,5588
14.77,5598
14.66,5608
14.88,5618
14.54,5628
14.52,5638
14.64,5648
14.68,5658
14.34,5668
14.56,5678
14.36,5688
14.48,5698
14.52,5708
14.48,5718
14.30,5728
14.54,5738
14.09,5748
14.55,5758
14.25,5768
14.20,5778
14.26,5788
14.48,5798
14.06,5808
14.27,5818
14.00,5828
14.07,5838
13.98,5848
13.88,5858
13.80,5868
14.15,5878
13.95,5888
13.84,5898
13.94,5908
14.09,5918
13.60,5928
13.82,5938
13.63,5948
13.71,5958
13.40,5968
13.49,5978
13.30,5988
13.32,5998
13.36,6008
13.45,6018
13.42,6028
13.41,6038
13.05,6048
13.32,6058
13.09,6068
13.38,6078
13.08,6088
13.28,6098
13.25,6108
13.20,6118
12.79,6128
13.19,6138
13.33,6148
13.15,6158
12.94,6168
13.05,6178
13.01,6188
12.95,6198
13.05,6208
13.02,6218
12.60,6228
12.81,6238
12.38,6248
12.84,6258
12.77,6268
12.83,6278
12.58,6288
12.80,6298
12.62,6308
12.68,6318
12.35,6328
12.77,6338
12.49,6348
12.70,6358
12.45,6368
12.52,6378
12.66,6388
12.63,6398
12.61,6408
12.53,6418
12.20,6428
12.42,6438
12.34,6448
12.39,6458
12.41,6468
12.45,6478
12.16,6488
12.58,6498
12.19,6508
12.67,6518
12.54,6528
12.55,6538
12.41,6548
12.55,6558
12.46,6568
12.66,6578
12.77,6588
12.98,6598
12.41,6608
12.56,6618
12.49,6628
12.39,6638
12.48,6648
12.66,6658
12.34,6668
12.66,6678
12.76,6688
12.57,6698
12.66,6708
12.58,6718
12.80,6728
12.61,6738
12.38,6748
12.64,6758
12.28,6768
12.58,6778
12.76,6788
12.65,6798
12.36,6808
12.63,6818
12.70,6828
12.41,6838
12.28,6848
12.67,6858
12.32,6868
12.64,6878
12.38,6888
12.60,6898
12.67,6908
12.69,6918
12.46,6928
12.68,6938
12.64,6948
12.66,6958
12.19,6968
12.73,6978
12.13,6988
12.48,6998
12.33,7008
12.42,7018
12.58,7028
12.41,7038
12.18,7048
12.44,7058
12.55,7068
12.66,7078
12.32,7088
12.38,7098
11.98,7108
12.34,7118
12.17,7128
12.38,7138
12.05,7148
12.44,7158
12.27,7168
12.28,7178
12.33,7188
12.59,7198
12.13,7208
12.40,7218
12.48,7228
12.20,7238
12.09,7248
12.37,7258
12.20,7268
12.23,7278
11.92,7288
12.13,7298
12.16,7308
12.33,7318
12.20,7328
12.08,7338
12.14,7348
12.34,7358
12.01,7368
12.13,7378
12.05,7388
12.27,7398
11.97,7408
12.26,7418
11.90,7428
12.05,7438
11.95,7448
12.26,7458
11.63,7468
12.27,7478
11.86,7488
11.83,7498
11.63,7508
11.97,7518
11.73,7528
11.78,7538
11.65,7548
11.97,7558
11.49,7568
12.05,7578
11.75,7588
11.96,7598
12.01,7608
12.07,7618
12.08,7628
11.91,7638
11.95,7648
11.71,7658
11.62,7668
11.97,7678
11.61,7688
12.07,7698
11.74,7708
12.02,7718
11.83,7728
11.88,7738
11.78,7748
12.09,7758
11.71,7768
12.00,7778
11.61,7788
12.23,7798
11.84,7808
11.98,7818
11.95,7828
12.12,7838
11.84,7848
12.07,7858
11.87,7868
11.84,7878
11.80,7888
12.08,7898
12.07,7908
11.96,7918
11.59,7928
12.04,7938
11.65,7948
12.04,7958
11.86,7968
12.35,7978
12.25,7988
12.11,7998
12.02,8008
11.98,8018
11.87,8028
11.98,8038
11.77,8048
12.20,8058
11.68,8068
12.28,8078
11.82,8088
12.13,8098
11.73,8108
12.24,8118
12.38,8128
12.26,8138
11.87,8148
12.22,8158
11.93,8168
12.10,8178
11.52,8188
11.96,8198
12.15,8208
12.21,8218
12.09,8228
12.00,8238
11.77,8248
12.12,8258
11.89,8268
12.18,8278
11.78,8288
12.41,8298
12.20,8308
12.09,8318
12.29,8328
12.37,8338
12.16,8348
12.13,8358
12.08,8368
12.09,8378
12.16,8388
12.32,8398
11.71,8408
12.44,8418
11.91,8428
12.20,8438
11.73,8448
12.40,8458
12.21,8468
12.51,8478
11.82,8488
12.49,8498
12.20,8508
12.13,8518
11.95,8528
12.55,8538
12.38,8548
12.19,8558
12.11,8568
12.20,8578
12.15,8588
12.66,8598
12.41,8608
12.48,8618
12.50,8628
12.61,8638
12.28,8648
12.59,8658
12.54,8668
12.67,8678
12.16,8688
12.68,8698
12.72,8708
12.70,8718
12.48,8728
13.01,8738
12.94,8748
12.87,8758
12.91,8768
12.85,8778
12.64,8788
13.27,8798
13.21,8808
13.13,8818
12.93,8828
13.17,8838
12.91,8848
13.10,8858
12.84,8868
13.11,8878
12.98,8888
13.27,8898
12.90,8908
13.23,8918
13.34,8928
13.14,8938
13.29,8948
13.37,8958
13.20,8968
13.26,8978
13.19,8988
13.25,8998
13.26,9008
13.15,9018
12.84,9028
13.32,9038
13.29,9048
13.31,9058
13.25,9068
13.32,9078
13.32,9088
13.34,9098
13.16,9108
13.23,9118
12.84,9128
13.11,9138
12.56,9148
13.23,9158
13.23,9168
12.99,9178
12.62,9188
13.12,9198
13.21,9208
13.15,9218
12.80,9228
13.05,9238
12.57,9248
13.10,9258
12.95,9268
13.09,9278
13.24,9288
13.14,9298
13.08,9308
13.24,9318
13.61,9328
13.21,9338
13.31,9348
13.25,9358
12.96,9368
13.53,9378
13.27,9388
13.09,9398
13.17,9408
13.23,9418
13.57,9428
13.38,9438
12.90,9448
13.55,9458
13.23,9468
13.45,9478
13.25,9488
13.05,9498
13.57,9508
13.43,9518
13.07,9528
13.50,9538
13.16,9548
13.57,9558
13.23,9568
13.43,9578
13.05,9588
13.66,9598
13.59,9608
13.77,9618
13.34,9628
13.45,9638
13.55,9648
13.76,9658
13.13,9668
13.54,9678
13.95,9688
13.58,9698
13.17,9708
13.52,9718
13.62,9728
13.71,9738
13.49,9748
13.82,9758
14.02,9768
13.59,9778
13.76,9788
13.78,9798
13.30,9808
13.98,9818
13.83,9828
13.75,9838
13.55,9848
13.86,9858
14.08,9868
14.04,9878
13.86,9888
13.84,9898
13.89,9908
13.73,9918
13.43,9928
13.98,9938
13.55,9948
13.68,9958
13.98,9968
14.02,9978
13.54,9988
13.91,9998
13.97,10008
13.76,10018
13.92,10028
13.91,10038
13.89,10048
13.72,10058
13.67,10068
14.10,10078
14.20,10088
13.95,10098
14.09,10108
14.02,10118
13.65,10128
14.13,10138
14.34,10148
13.98,10158
13.64,10168
14.09,10178
13.91,10188
13.92,10198
13.80,10208
13.98,10218
13.82,10228
14.04,10238
13.71,10248
14.09,10258
13.73,10268
13.92,10278
13.76,10288
13.88,10298
14.14,10308
14.02,10318
14.08,10328
14.11,10338
13.59,10348
14.32,10358
13.95,10368
14.18,10378
13.73,10388
14.05,10398
13.68,10408
14.14,10418
13.77,10428
13.70,10438
14.12,10448
14.10,10458
13.98,10468
14.09,10478
13.69,10488
13.88,10498
13.72,10508
14.03,10518
13.56,10528
13.82,10538
14.13,10548
13.91,10558
13.72,10568
14.16,10578
14.04,10588
14.16,10598
13.78,10608
14.12,10618
14.00,10628
14.06,10638
14.09,10648
14.08,10658
14.02,10668
13.85,10678
14.12,10688
14.15,10698
13.63,10708
13.91,10718
14.10,10728
14.13,10738
14.18,10748
14.27,10758
14.16,10768
14.04,10778
14.23,10788
14.15,10798
14.43,10808
14.34,10818
13.96,10828
14.39,10838
14.17,10848
14.49,10858
14.49,10868
14.63,10878
14.70,10888
14.71,10898
14.17,10908
14.70,10918
14.40,10928
14.97,10938
14.76,10948
14.77,10958
14.84,10968
14.62,10978
14.37,10988
14.83,10998
14.57,11008
15.01,11018
14.85,11028
14.89,11038
14.86,11048
14.99,11058
14.93,11068
14.85,11078
14.76,11088
14.85,11098
15.13,11108
14.79,11118
14.98,11128
14.91,11138
14.38,11148
14.97,11158
14.31,11168
14.95,11178
14.41,11188
14.80,11198
14.42,11208
14.77,11218
14.48,11228
14.90,11238
14.55,11248
14.84,11258
14.39,11268
14.75,11278
14.68,11288
14.77,11298
14.78,11308
14.82,11318
14.45,11328
14.48,11338
14.17,11348
14.69,11358
14.23,11368
14.44,11378
14.24,11388
14.55,11398
14.01,11408
14.56,11418
14.23,11428
14.20,11438
14.22,11448
14.31,11458
13.77,11468
14.18,11478
13.78,11488
14.21,11498
14.18,11508
14.21,11518
13.67,11528
14.14,11538
13.85,11548
14.12,11558
13.67,11568
14.04,11578
13.96,11588
14.34,11598
13.79,11608
13.67,11618
13.64,11628
13.89,11638
13.76,11648
13.79,11658
13.39,11668
14.05,11678
13.40,11688
13.97,11698
13.41,11708
13.82,11718
13.48,11728
13.64,11738
13.76,11748
13.77,11758
13.41,11768
13.64,11778
13.32,11788
13.47,11798
13.53,11808
13.57,11818
13.42,11828
13.43,11838
13.43,11848
13.52,11858
13.23,11868
13.34,11878
13.40,11888
13.34,11898
13.05,11908
13.36,11918
12.74,11928
13.09,11938
12.98,11948
13.07,11958
13.12,11968
13.05,11978
12.99,11988
12.69,11998
13.11,12008
12.82,12018
12.45,12028
12.61,12038
12.45,12048
12.57,12058
12.72,12068
12.73,12078
12.94,12088
12.44,12098
12.42,12108
12.55,12118
12.64,12128
12.29,12138
12.05,12148
12.41,12158
12.34,12168
12.30,12178
12.01,12188
12.51,12198
12.27,12208
12.30,12218
12.02,12228
12.34,12238
12.52,12248
12.61,12258
12.38,12268
12.04,12278
11.88,12288
12.20,12298
11.73,12308
11.81,12318
11.68,12328
12.16,12338
11.77,12348
11.87,12358
11.80,12368
11.82,12378
11.49,12388
11.57,12398
11.17,12408
11.45,12418
11.68,12428
11.76,12438
11.28,12448
11.26,12458
11.35,12468
11.70,12478
11.59,12488
11.63,12498
10.96,12508
11.38,12518
10.84,12528
11.27,12538
10.99,12548
11.27,12558
10.92,12568
11.33,12578
11.15,12588
11.38,12598
11.10,12608
10.94,12618
10.52,12628
10.70,12638
10.92,12648
10.95,12658
10.46,12668
10.80,12678
10.48,12688
10.81,12698
10.15,12708
10.27,12718
9.99,12728
10.45,12738
10.10,12748
9.84,12758
10.16,12768
10.22,12778
9.85,12788
9.89,12798
9.77,12808
10.02,12818
9.91,12828
9.94,12838
9.66,12848
9.73,12858
9.28,12868
9.50,12878
9.69,12888
9.66,12898
9.23,12908
9.20,12918
9.09,12928
9.21,12938
9.05,12948
9.03,12958
8.69,12968
8.94,12978
8.77,12988
8.85,12998