1.94,8
2.20,18
1.94,28
2.17,38
2.05,48
2.12,58
2.02,68
2.29,78
1.88,88
2.16,98
1.95,108
2.09,118
2.04,128
2.38,138
1.97,148
2.34,158
2.05,168
1.90,178
1.98,188
2.28,198
1.92,208
2.21,218
2.20,228
2.59,238
2.55,248
2.77,258
2.42,268
2.94,278
2.77,288
2.75,298
2.95,308
2.98,318
3.09,328
3.16,338
3.35,348
3.53,358
3.48,368
3.57,378
3.36,388
3.59,398
3.34,408
3.80,418
3.48,428
3.65,438
3.55,448
3.84,458
3.69,468
3.62,478
3.55,488
3.84,498
3.77,508
3.70,518
3.86,528
3.82,538
3.77,548
3.68,558
3.68,568
3.94,578
3.73,588
3.80,598
3.88,608
4.05,618
3.68,628
3.97,638
4.00,648
4.24,658
3.81,668
4.23,678
3.97,688
4.12,698
3.87,708
4.19,718
4.00,728
4.12,738
4.05,748
4.12,758
4.11,768
3.99,778
4.27,788
4.08,798
3.99,808
4.01,818
4.16,828
4.26,838
4.09,848
4.20,858
4.34,868
4.21,878
4.06,888
4.08,898
3.99,908
4.11,918
4.16,928
4.16,938
4.05,948
4.12,958
4.16,968
4.21,978
4.28,988
4.50,998
4.18,1008
4.34,1018
3.99,1028
4.41,1038
4.05,1048
4.02,1058
4.13,1068
4.13,1078
4.23,1088
4.27,1098
4.11,1108
4.52,1118
3.98,1128
4.39,1138
3.97,1148
4.19,1158
4.12,1168
4.21,1178
4.45,1188
4.51,1198
4.19,1208
4.62,1218
4.29,1228
4.27,1238
4.25,1248
4.20,1258
4.29,1268
4.27,1278
4.19,1288
4.37,1298
4.05,1308
4.34,1318
4.42,1328
4.37,1338
4.10,1348
4.40,1358
4.17,1368
4.46,1378
4.24,1388
4.20,1398
4.05,1408
4.37,1418
4.32,1428
4.23,1438
4.27,1448
4.30,1458
4.04,1468
4.33,1478
4.06,1488
4.06,1498
4.41,1508
4.05,1518
4.22,1528
4.41,1538
4.05,1548
4.23,1558
3.99,1568
4.19,1578
3.95,1588
4.18,1598
3.88,1608
4.03,1618
3.67,1628
4.23,1638
4.03,1648
4.20,1658
4.03,1668
4.19,1678
4.11,1688
4.07,1698
3.85,1708
4.07,1718
4.09,1728
3.69,1738
3.63,1748
3.84,1758
3.74,1768
3.80,1778
3.66,1788
3.73,1798
3.78,1808
3.87,1818
3.82,1828
3.80,1838
3.58,1848
3.59,1858
3.23,1868
3.59,1878
3.66,1888
3.42,1898
3.24,1908
3.48,1918
3.59,1928
3.66,1938
3.71,1948
3.82,1958
3.23,1968
3.70,1978
3.54,1988
3.52,1998
3.53,2008
3.20,2018
3.40,2028
3.80,2038
3.41,2048
3.40,2058
3.27,2068
3.63,2078
3.23,2088
3.67,2098
3.22,2108
3.27,2118
3.53,2128
3.36,2138
3.34,2148
3.60,2158
3.42,2168
3.25,2178
3.37,2188
3.37,2198
3.42,2208
3.32,2218
3.37,2228
3.40,2238
3.73,2248
3.38,2258
3.37,2268
3.44,2278
3.43,2288
3.45,2298
3.45,2308
3.89,2318
3.39,2328
3.71,2338
3.52,2348
3.42,2358
3.50,2368
3.34,2378
3.41,2388
3.28,2398
3.23,2408
3.29,2418
3.18,2428
3.27,2438
3.30,2448
3.69,2458
3.09,2468
3.33,2478
3.10,2488
3.08,2498
2.95,2508
3.49,2518
3.05,2528
2.96,2538
2.86,2548
3.29,2558
3.21,2568
3.36,2578
2.95,2588
3.05,2598
2.80,2608
3.17,2618
2.91,2628
2.84,2638
2.81,2648
3.02,2658
2.80,2668
3.32,2678
2.63,2688
2.89,2698
2.75,2708
2.76,2718
2.62,2728
2.89,2738
2.56,2748
3.04,2758
2.69,2768
2.70,2778
2.57,2788
2.80,2798
2.53,2808
2.73,2818
2.56,2828
2.99,2838
2.68,2848
2.60,2858
2.37,2868
2.80,2878
2.69,2888
2.67,2898
2.66,2908
2.41,2918
2.67,2928
2.61,2938
2.80,2948
2.37,2958
2.57,2968
2.30,2978
2.45,2988
2.60,2998
2.05,3008
2.24,3018
2.39,3028
2.22,3038
2.34,3048
2.16,3058
2.11,3068
2.12,3078
1.89,3088
2.20,3098
2.00,3108
1.86,3118
2.07,3128
1.78,3138
1.92,3148
1.84,3158
1.90,3168
1.76,3178
1.82,3188
2.09,3198
1.57,3208
1.92,3218
1.66,3228
1.82,3238
1.91,3248
1.73,3258
1.73,3268
1.59,3278
1.86,3288
2.04,3298
1.49,3308
1.87,3318
1.48,3328
1.56,3338
1.48,3348
1.56,3358
1.46,3368
1.47,3378
1.55,3388
1.38,3398
1.06,3408
1.69,3418
1.32,3428
1.42,3438
1.24,3448
1.59,3458
1.18,3468
1.55,3478
1.25,3488
1.26,3498
1.22,3508
1.56,3518
1.35,3528
1.36,3538
1.33,3548
1.25,3558
1.09,3568
1.09,3578
0.80,3588
1.32,3598
1.09,3608
1.08,3618
0.87,3628
1.30,3638
1.06,3648
0.98,3658
0.75,3668
1.21,3678
0.91,3688
1.06,3698
1.09,3708
1.36,3718
1.20,3728
1.35,3738
0.79,3748
1.16,3758
0.91,3768
1.15,3778
1.05,3788
1.04,3798
1.11,3808
1.19,3818
0.91,3828
0.87,3838
1.16,3848
1.05,3858
1.15,3868
1.24,3878
0.95,3888
0.95,3898
0.70,3908
0.92,3918
0.84,3928
0.91,3938
0.85,3948
0.91,3958
0.65,3968
0.77,3978
0.79,3988
1.17,3998
0.72,4008
0.83,4018
0.88,4028
1.20,4038
0.57,4048
0.73,4058
0.68,4068
0.77,4078
0.47,4088
0.97,4098
0.63,4108
0.88,4118
0.59,4128
0.88,4138
0.77,4148
1.14,4158
0.81,4168
0.92,4178
0.77,4188
0.88,4198
0.74,4208
0.88,4218
0.80,4228
0.59,4238
0.86,4248
1.01,4258
0.59,4268
0.75,4278
0.77,4288
1.00,4298
0.80,4308
0.59,4318
0.71,4328
1.02,4338
0.96,4348
1.13,4358
0.79,4368
0.93,4378
1.03,4388
1.00,4398
0.79,4408
1.04,4418
0.71,4428
0.88,4438
0.85,4448
0.98,4458
0.92,4468
1.25,4478
0.73,4488
1.30,4498
0.79,4508
1.09,4518
0.74,4528
1.06,4538
1.06,4548
1.51,4558
0.93,4568
1.07,4578
1.03,4588
1.53,4598
1.12,4608
1.29,4618
1.11,4628
1.42,4638
1.10,4648
1.52,4658
1.05,4668
1.40,4678
1.19,4688
1.41,4698
1.48,4708
1.70,4718
1.33,4728
1.79,4738
1.53,4748
1.75,4758
1.89,4768
2.07,4778
1.61,4788
1.91,4798
1.45,4808
1.79,4818
1.77,4828
1.86,4838
1.84,4848
2.09,4858
1.95,4868
1.82,4878
1.72,4888
1.66,4898
1.90,4908
2.17,4918
1.75,4928
1.77,4938
1.80,4948
2.37,4958
1.72,4968
2.34,4978
1.84,4988
1.83,4998
2.09,5008
2.41,5018
1.84,5028
2.09,5038
1.77,5048
2.03,5058
2.19,5068
2.09,5078
2.29,5088
2.47,5098
2.15,5108
2.25,5118
2.24,5128
2.54,5138
2.16,5148
2.51,5158
2.35,5168
2.15,5178
2.52,5188
2.77,5198
2.29,5208
2.95,5218
2.40,5228
2.57,5238
2.39,5248
2.16,5258
2.21,5268
2.20,5278
2.45,5288
2.35,5298
2.25,5308
2.30,5318
2.12,5328
2.41,5338
2.25,5348
2.70,5358
2.06,5368
2.34,5378
2.20,5388
2.11,5398
2.19,5408
2.41,5418
2.09,5428
2.30,5438
2.22,5448
2.60,5458
2.20,5468
2.62,5478
2.31,5488
2.23,5498
2.17,5508
2.11,5518
1.83,5528
1.88,5538
1.89,5548
1.79,5558
1.94,5568
2.01,5578
1.76,5588
2.02,5598
1.69,5608
1.77,5618
1.67,5628
1.98,5638
1.79,5648
1.85,5658
1.61,5668
1.98,5678
1.55,5688
1.87,5698
1.71,5708
1.62,5718
1.58,5728
1.18,5738
1.30,5748
1.72,5758
1.45,5768
1.84,5778
1.45,5788
1.34,5798
1.21,5808
1.57,5818
1.36,5828
1.45,5838
1.34,5848
1.51,5858
1.22,5868
1.59,5878
1.06,5888
1.37,5898
1.37,5908
1.70,5918
1.15,5928
1.20,5938
1.29,5948
1.69,5958
1.29,5968
1.60,5978
1.12,5988
1.30,5998
1.44,6008
1.78,6018
1.48,6028
1.53,6038
1.27,6048
1.70,6058
1.40,6068
1.65,6078
1.58,6088
2.16,6098
1.52,6108
2.05,6118
1.55,6128
1.97,6138
1.60,6148
1.98,6158
1.65,6168
1.76,6178
1.73,6188
2.05,6198
1.65,6208
1.86,6218
1.73,6228
1.62,6238
1.41,6248
1.96,6258
1.67,6268
2.02,6278
1.61,6288
1.88,6298
1.66,6308
2.12,6318
1.67,6328
1.84,6338
1.65,6348
1.83,6358
1.50,6368
1.79,6378
1.43,6388
1.79,6398
1.68,6408
1.59,6418
1.70,6428
1.67,6438
1.59,6448
1.93,6458
1.59,6468
1.83,6478
1.57,6488
1.65,6498
1.49,6508
1.89,6518
1.76,6528
1.83,6538
1.63,6548
1.98,6558
1.60,6568
1.98,6578
1.54,6588
1.68,6598
1.70,6608
1.93,6618
1.55,6628
1.79,6638
1.58,6648
1.91,6658
1.60,6668
2.02,6678
1.52,6688
1.87,6698
1.62,6708
1.65,6718
1.45,6728
1.93,6738
1.38,6748
1.45,6758
1.62,6768
1.50,6778
1.60,6788
1.41,6798
1.33,6808
1.82,6818
1.34,6828
1.63,6838
1.41,6848
1.60,6858
1.30,6868
1.51,6878
1.32,6888
1.55,6898
1.18,6908
1.55,6918
1.09,6928
1.35,6938
1.27,6948
1.16,6958
1.03,6968
1.34,6978
1.11,6988
1.33,6998
0.88,7008
1.09,7018
1.08,7028
1.11,7038
0.94,7048
1.08,7058
0.95,7068
0.97,7078
0.77,7088
1.27,7098
0.91,7108
1.37,7118
0.79,7128
1.02,7138
0.67,7148
1.14,7158
0.59,7168
0.95,7178
0.97,7188
0.97,7198
0.45,7208
0.91,7218
0.45,7228
1.03,7238
0.48,7248
0.88,7258
0.57,7268
0.77,7278
0.71,7288
0.85,7298
0.43,7308
0.64,7318
0.50,7328
0.57,7338
0.47,7348
0.55,7358
0.53,7368
0.45,7378
0.47,7388
0.65,7398
0.59,7408
0.61,7418
0.44,7428
0.71,7438
0.45,7448
0.70,7458
0.30,7468
0.85,7478
0.45,7488
0.39,7498
0.45,7508
0.49,7518
0.45,7528
0.54,7538
0.21,7548
0.77,7558
0.15,7568
0.61,7578
0.37,7588
0.55,7598
0.38,7608
0.58,7618
0.29,7628
0.91,7638
0.30,7648
0.68,7658
0.37,7668
0.43,7678
0.28,7688
0.64,7698
0.16,7708
0.20,7718
0.28,7728
0.34,7738
0.30,7748
0.27,7758
0.34,7768
0.31,7778
0.36,7788
0.34,7798
0.43,7808
0.27,7818
0.48,7828
0.50,7838
0.29,7848
0.27,7858
0.34,7868
0.57,7878
0.45,7888
0.77,7898
0.23,7908
0.65,7918
0.41,7928
0.60,7938
0.48,7948
0.99,7958
0.43,7968
0.84,7978
0.70,7988
0.71,7998
0.91,8008
0.78,8018
0.71,8028
0.88,8038
0.61,8048
1.05,8058
0.72,8068
1.16,8078
0.74,8088
0.97,8098
0.70,8108
0.77,8118
0.62,8128
1.07,8138
0.72,8148
0.80,8158
0.89,8168
1.09,8178
0.84,8188
0.81,8198
0.85,8208
0.86,8218
0.75,8228
1.20,8238
0.75,8248
0.60,8258
0.76,8268
0.83,8278
0.88,8288
0.98,8298
0.91,8308
0.96,8318
0.73,8328
0.98,8338
0.83,8348
0.93,8358
0.81,8368
0.78,8378
1.05,8388
1.12,8398
0.77,8408
0.95,8418
0.62,8428
0.96,8438
0.71,8448
0.88,8458
0.83,8468
1.05,8478
0.66,8488
1.09,8498
0.91,8508
0.99,8518
0.86,8528
1.05,8538
0.96,8548
0.97,8558
1.02,8568
1.22,8578
1.01,8588
1.06,8598
1.12,8608
1.07,8618
0.98,8628
1.20,8638
0.88,8648
1.25,8658
1.09,8668
1.18,8678
0.99,8688
1.08,8698
0.92,8708
1.23,8718
0.91,8728
1.17,8738
1.11,8748
1.09,8758
1.02,8768
1.12,8778
0.88,8788
0.78,8798
0.51,8808
1.02,8818
0.59,8828
1.09,8838
0.41,8848
0.72,8858
0.53,8868
0.65,8878
0.61,8888
0.56,8898
0.44,8908
0.39,8918
0.28,8928
0.32,8938
0.02,8948
0.63,8958
0.52,8968
0.58,8978
0.31,8988
0.66,8998
0.46,9008
0.50,9018
0.23,9028
0.62,9038
0.29,9048
0.37,9058
-0.08,9068
0.30,9078
0.22,9088
0.08,9098
0.19,9108
0.28,9118
0.22,9128
0.37,9138
-0.16,9148
0.31,9158
-0.31,9168
0.20,9178
-0.20,9188
0.19,9198
-0.05,9208
0.02,9218
-0.08,9228
-0.16,9238
-0.27,9248
-0.09,9258
-0.38,9268
-0.44,9278
-0.58,9288
-0.30,9298
-0.69,9308
-0.45,9318
-0.63,9328
-0.61,9338
-0.94,9348
-0.84,9358
-0.82,9368
-0.50,9378
-0.85,9388
-0.63,9398
-0.86,9408
-0.96,9418
-1.16,9428
-0.84,9438
-1.19,9448
-0.99,9458
-1.15,9468
-0.88,9478
-1.31,9488
-1.34,9498
-1.45,9508
-1.54,9518
-1.62,9528
-1.61,9538
-1.80,9548
-1.83,9558
-1.91,9568
-2.01,9578
-2.18,9588
-2.23,9598
-2.27,9608
-2.03,9618
-2.24,9628
-2.41,9638
-2.83,9648
-2.51,9658
-2.70,9668
-2.34,9678
-2.76,9688
-2.45,9698
-2.84,9708
-2.67,9718
-2.62,9728
-2.71,9738
-2.89,9748
-2.66,9758
-2.87,9768
-2.87,9778
-2.92,9788
-3.27,9798
-2.97,9808
-3.16,9818
-3.25,9828
-2.79,9838
-3.25,9848
-3.45,9858
-3.21,9868
-3.48,9878
-3.41,9888
-3.23,9898
-3.55,9908
-3.43,9918
-3.76,9928
-3.75,9938
-3.95,9948
-3.51,9958
-3.77,9968
-3.87,9978
-3.79,9988
-3.85,9998
-4.33,10008
-4.02,10018
-3.96,10028
-4.06,10038
-4.23,10048
-3.84,10058
-4.50,10068
-4.15,10078
-4.36,10088
-4.42,10098
-4.46,10108
-4.03,10118
-4.41,10128
-4.42,10138
-4.40,10148
-4.44,10158
-4.32,10168
-4.28,10178
-4.38,10188
-4.39,10198
-4.59,10208
-4.22,10218
-4.65,10228
-4.55,10238
-4.49,10248
-4.52,10258
-4.87,10268
-4.76,10278
-4.74,10288
-4.72,10298
-4.71,10308
-4.66,10318
-4.82,10328
-4.78,10338
-4.98,10348
-4.86,10358
-5.04,10368
-4.74,10378
-5.18,10388
-5.17,10398
-5.21,10408
-5.16,10418
-5.13,10428
-5.27,10438
-5.27,10448
-5.06,10458
-5.41,10468
-5.44,10478
-5.43,10488
-5.23,10498
-5.22,10508
-5.13,10518
-5.44,10528
-5.48,10538
-5.35,10548
-5.22,10558
-5.52,10568
-5.39,10578
-5.55,10588
-5.02,10598
-5.16,10608
-5.09,10618
-5.27,10628
-5.27,10638
-5.45,10648
-4.79,10658
-5.09,10668
-5.06,10678
-5.30,10688
-4.89,10698
-5.20,10708
-4.93,10718
-5.29,10728
-5.13,10738
-5.02,10748
-5.11,10758
-5.20,10768
-4.63,10778
-5.27,10788
-5.01,10798
-5.30,10808
-5.09,10818
-5.04,10828
-5.06,10838
-5.02,10848
-5.21,10858
-5.14,10868
-5.16,10878
-5.12,10888
-4.73,10898
-5.14,10908
-4.98,10918
-5.49,10928
-5.27,10938
-5.23,10948
-5.21,10958
-5.50,10968
-5.42,10978
-5.42,10988
-5.28,10998
-5.17,11008
-5.45,11018
-5.23,11028
-5.15,11038
-5.43,11048
-5.27,11058
-5.38,11068
-5.16,11078
-5.64,11088
-5.37,11098
-5.37,11108
-5.18,11118
-5.48,11128
-5.20,11138
-5.59,11148
-5.63,11158
-5.43,11168
-5.18,11178
-5.58,11188
-5.48,11198
-5.46,11208
-5.27,11218
-5.52,11228
-5.31,11238
-5.57,11248
-5.64,11258
-5.68,11268
-5.62,11278
-5.70,11288
-5.37,11298
-5.45,11308
-5.21,11318
-5.47,11328
-5.38,11338
-5.52,11348
-5.41,11358
-5.52,11368
-5.38,11378
-5.44,11388
-5.45,11398
-5.65,11408
-5.47,11418
-5.50,11428
-5.41,11438
-5.30,11448
-5.22,11458
-5.20,11468
-5.22,11478
-5.28,11488
-4.97,11498
-5.38,11508
-5.04,11518
-5.37,11528
-5.22,11538
-5.52,11548
-5.09,11558
-5.52,11568
-5.36,11578
-5.43,11588
-5.45,11598
-5.70,11608
-5.47,11618
-5.45,11628
-5.16,11638
-5.74,11648
-5.08,11658
-5.42,11668
-5.53,11678
-5.71,11688
-5.41,11698
-5.70,11708
-5.46,11718
-5.48,11728
-5.49,11738
-5.62,11748
-5.20,11758
-5.57,11768
-5.29,11778
-5.67,11788
-5.11,11798
-5.48,11808
-5.48,11818
-5.57,11828
-5.23,11838
-5.52,11848
-5.33,11858
-5.56,11868
-5.61,11878
-5.70,11888
-5.52,11898
-5.73,11908
-5.63,11918
-5.51,11928
-5.57,11938
-5.58,11948
-5.25,11958
-5.74,11968
-5.18,11978
-5.59,11988
-5.04,11998
-5.36,12008
-5.12,12018
-5.45,12028
-5.26,12038
-5.44,12048
-5.48,12058
-5.22,12068
-5.17,12078
-4.98,12088
-5.17,12098
-5.30,12108
-4.91,12118
-5.10,12128
-4.93,12138
-4.91,12148
-5.04,12158
-5.25,12168
-5.16,12178
-5.20,12188
-4.66,12198
-4.70,12208
-4.55,12218
-4.77,12228
-4.75,12238
-4.97,12248
-4.94,12258
-4.95,12268
-5.11,12278
-5.23,12288
-5.18,12298
-5.17,12308
-5.17,12318
-5.16,12328
-5.07,12338
-5.41,12348
-5.45,12358
-5.39,12368
-5.44,12378
-5.30,12388
-5.12,12398
-5.41,12408
-5.34,12418
-5.64,12428
-5.03,12438
-5.63,12448
-5.43,12458
-5.48,12468
-5.50,12478
-5.41,12488
-5.54,12498
-5.42,12508
-5.55,12518
-5.46,12528
-5.49,12538
-5.45,12548
-5.80,12558
-5.29,12568
-5.46,12578
-5.33,12588
-5.21,12598
-5.31,12608
-5.08,12618
-5.38,12628
-5.33,12638
-5.33,12648
-5.27,12658
-5.70,12668
-4.97,12678
-5.12,12688
-5.20,12698
-5.15,12708
-5.16,12718
-5.21,12728
-5.35,12738
-5.21,12748
-4.92,12758
-5.39,12768
-4.97,12778
-5.09,12788
-5.31,12798
-5.30,12808
-5.16,12818
-5.20,12828
-5.48,12838
-5.14,12848
-5.45,12858
-5.27,12868
-5.23,12878
-5.05,12888
-5.41,12898
-5.32,12908
-5.23,12918
-5.30,12928
-5.34,12938
-5.25,12948
-5.40,12958
-5.28,12968
-5.27,12978
-5.39,12988
-5.08,12998
