14.48,8
14.73,18
14.59,28
14.66,38
14.77,48
14.69,58
14.54,68
14.65,78
14.55,88
14.73,98
14.48,108
14.91,118
14.66,128
14.51,138
14.72,148
14.53,158
14.25,168
14.63,178
14.28,188
14.74,198
14.57,208
14.58,218
14.71,228
14.33,238
14.45,248
14.38,258
14.62,268
14.52,278
14.78,288
14.74,298
14.37,308
14.86,318
14.45,328
14.77,338
14.52,348
14.50,358
14.45,368
14.68,378
14.38,388
14.61,398
14.61,408
14.55,418
14.45,428
14.66,438
14.66,448
14.55,458
14.52,468
14.56,478
14.51,488
14.84,498
14.13,508
14.47,518
14.00,528
14.53,538
14.11,548
14.38,558
14.22,568
14.63,578
14.34,588
14.34,598
14.27,608
14.39,618
14.16,628
14.67,638
14.58,648
14.28,658
14.34,668
14.50,678
14.36,688
14.34,698
14.37,708
14.49,718
14.15,728
14.52,738
14.29,748
14.72,758
14.05,768
14.30,778
14.20,788
14.19,798
14.15,808
14.20,818
13.69,828
14.24,838
13.94,848
14.30,858
14.00,868
14.21,878
14.08,888
14.36,898
13.72,908
14.01,918
13.84,928
13.90,938
13.89,948
14.19,958
13.71,968
14.34,978
13.68,988
13.80,998
13.78,1008
14.02,1018
13.69,1028
13.80,1038
13.27,1048
13.51,1058
13.73,1068
13.88,1078
13.61,1088
13.70,1098
13.13,1108
13.66,1118
13.41,1128
13.77,1138
13.31,1148
13.50,1158
13.47,1168
13.60,1178
13.44,1188
13.51,1198
13.18,1208
13.37,1218
13.31,1228
13.70,1238
13.31,1248
13.52,1258
13.27,1268
13.45,1278
13.33,1288
13.16,1298
13.05,1308
13.37,1318
12.91,1328
13.13,1338
13.02,1348
13.44,1358
13.28,1368
13.30,1378
13.36,1388
13.42,1398
13.28,1408
13.15,1418
12.83,1428
13.38,1438
13.25,1448
13.34,1458
13.20,1468
13.31,1478
13.05,1488
13.16,1498
13.28,1508
13.75,1518
13.16,1528
13.63,1538
13.32,1548
13.88,1558
13.41,1568
13.56,1578
13.45,1588
13.62,1598
13.48,1608
13.98,1618
13.84,1628
14.06,1638
14.48,1648
14.38,1658
14.36,1668
14.38,1678
14.49,1688
14.59,1698
14.62,1708
14.98,1718
14.76,1728
14.88,1738
14.49,1748
14.46,1758
14.74,1768
14.97,1778
14.86,1788
15.08,1798
14.83,1808
15.18,1818
15.03,1828
15.03,1838
15.15,1848
15.17,1858
15.11,1868
14.89,1878
14.95,1888
14.73,1898
14.68,1908
15.01,1918
14.76,1928
14.58,1938
15.04,1948
14.55,1958
14.84,1968
14.79,1978
14.59,1988
14.68,1998
14.88,2008
15.10,2018
14.68,2028
15.08,2038
14.72,2048
15.05,2058
14.69,2068
14.97,2078
14.73,2088
14.80,2098
15.02,2108
15.40,2118
14.82,2128
15.00,2138
15.20,2148
15.15,2158
15.33,2168
15.03,2178
15.10,2188
15.27,2198
15.48,2208
15.37,2218
15.20,2228
15.70,2238
15.31,2248
15.55,2258
15.33,2268
15.50,2278
15.29,2288
15.63,2298
15.41,2308
15.68,2318
15.53,2328
15.52,2338
15.45,2348
15.46,2358
15.62,2368
15.45,2378
15.59,2388
15.86,2398
15.53,2408
15.79,2418
15.41,2428
15.68,2438
15.38,2448
15.76,2458
15.34,2468
15.42,2478
15.33,2488
15.54,2498
15.62,2508
15.34,2518
15.47,2528
15.74,2538
15.84,2548
16.21,2558
15.83,2568
16.21,2578
15.82,2588
15.77,2598
16.20,2608
16.33,2618
16.01,2628
16.52,2638
15.91,2648
16.37,2658
16.40,2668
16.23,2678
16.16,2688
16.11,2698
16.14,2708
16.75,2718
16.23,2728
16.74,2738
16.15,2748
16.73,2758
16.51,2768
16.74,2778
16.48,2788
16.70,2798
16.29,2808
16.41,2818
15.98,2828
16.46,2838
16.09,2848
16.18,2858
16.05,2868
16.16,2878
16.40,2888
16.35,2898
16.49,2908
16.66,2918
16.38,2928
16.55,2938
16.30,2948
16.70,2958
16.69,2968
16.57,2978
16.40,2988
16.69,2998
16.55,3008
16.47,3018
16.20,3028
16.20,3038
15.88,3048
16.41,3058
16.22,3068
15.98,3078
16.38,3088
16.15,3098
16.37,3108
15.96,3118
16.50,3128
16.09,3138
15.96,3148
16.31,3158
15.93,3168
16.42,3178
15.96,3188
16.30,3198
16.18,3208
16.05,3218
15.99,3228
16.10,3238
16.24,3248
16.04,3258
16.07,3268
16.20,3278
16.28,3288
16.26,3298
16.01,3308
16.18,3318
16.12,3328
16.05,3338
15.70,3348
16.02,3358
16.30,3368
16.03,3378
16.31,3388
16.37,3398
15.81,3408
16.10,3418
16.23,3428
16.14,3438
16.21,3448
16.15,3458
16.26,3468
16.05,3478
16.09,3488
16.45,3498
16.01,3508
16.00,3518
15.90,3528
16.32,3538
16.30,3548
16.14,3558
15.64,3568
16.12,3578
15.70,3588
15.95,3598
16.24,3608
16.11,3618
16.09,3628
16.15,3638
16.01,3648
15.93,3658
15.94,3668
16.19,3678
15.97,3688
16.10,3698
16.15,3708
16.34,3718
16.15,3728
16.44,3738
16.37,3748
16.47,3758
16.16,3768
15.94,3778
15.98,3788
15.98,3798
15.98,3808
15.98,3818
15.70,3828
16.14,3838
16.10,3848
15.83,3858
15.91,3868
15.91,3878
15.94,3888
15.52,3898
15.70,3908
15.86,3918
15.80,3928
16.26,3938
15.99,3948
15.99,3958
16.02,3968
16.06,3978
15.77,3988
16.10,3998
16.33,4008
16.24,4018
16.02,4028
16.10,4038
15.87,4048
16.36,4058
16.30,4068
16.48,4078
16.23,4088
16.35,4098
16.41,4108
16.05,4118
15.82,4128
16.09,4138
15.95,4148
15.98,4158
16.12,4168
16.05,4178
16.23,4188
15.91,4198
15.77,4208
15.88,4218
15.73,4228
15.97,4238
15.76,4248
16.01,4258
15.98,4268
16.32,4278
16.11,4288
16.12,4298
15.95,4308
16.16,4318
15.61,4328
16.03,4338
15.79,4348
15.95,4358
15.59,4368
16.05,4378
15.57,4388
15.79,4398
15.82,4408
15.91,4418
15.72,4428
15.88,4438
15.54,4448
15.78,4458
15.67,4468
15.79,4478
15.52,4488
15.77,4498
15.67,4508
15.54,4518
15.53,4528
15.70,4538
15.69,4548
15.66,4558
15.64,4568
15.80,4578
15.52,4588
15.55,4598
15.63,4608
15.59,4618
15.45,4628
15.48,4638
15.45,4648
15.77,4658
15.70,4668
15.99,4678
15.48,4688
15.80,4698
15.70,4708
15.85,4718
15.62,4728
15.80,4738
15.66,4748
16.11,4758
15.64,4768
16.11,4778
15.98,4788
15.80,4798
15.68,4808
16.16,4818
15.93,4828
16.06,4838
15.85,4848
16.11,4858
16.27,4868
16.06,4878
15.91,4888
16.12,4898
16.21,4908
16.12,4918
15.82,4928
16.06,4938
16.06,4948
15.80,4958
15.90,4968
15.91,4978
15.68,4988
15.71,4998
15.67,5008
15.68,5018
15.52,5028
15.73,5038
15.58,5048
15.63,5058
15.38,5068
15.66,5078
15.35,5088
15.56,5098
15.30,5108
15.52,5118
15.29,5128
15.68,5138
15.46,5148
15.55,5158
15.40,5168
15.34,5178
15.09,5188
15.58,5198
15.11,5208
15.48,5218
15.41,5228
15.39,5238
15.28,5248
15.49,5258
15.65,5268
15.59,5278
15.35,5288
15.55,5298
15.37,5308
15.68,5318
15.45,5328
15.61,5338
15.41,5348
15.67,5358
15.84,5368
15.81,5378
15.40,5388
15.78,5398
15.66,5408
16.15,5418
15.87,5428
16.07,5438
15.80,5448
16.15,5458
15.85,5468
16.30,5478
15.86,5488
16.26,5498
15.84,5508
16.15,5518
15.95,5528
16.22,5538
16.03,5548
16.34,5558
16.03,5568
16.45,5578
16.17,5588
16.55,5598
16.40,5608
16.46,5618
16.37,5628
16.61,5638
16.18,5648
16.60,5658
16.42,5668
16.59,5678
16.49,5688
16.68,5698
16.19,5708
16.75,5718
16.20,5728
16.61,5738
16.66,5748
16.45,5758
16.75,5768
16.70,5778
16.49,5788
16.77,5798
16.51,5808
16.59,5818
16.64,5828
16.63,5838
16.54,5848
16.40,5858
16.70,5868
16.54,5878
16.30,5888
16.71,5898
16.30,5908
16.42,5918
16.66,5928
16.48,5938
16.25,5948
16.62,5958
16.20,5968
16.67,5978
16.62,5988
16.39,5998
16.59,6008
16.38,6018
16.30,6028
16.55,6038
16.16,6048
16.63,6058
16.16,6068
16.33,6078
16.41,6088
16.34,6098
16.05,6108
16.27,6118
16.02,6128
16.39,6138
16.26,6148
16.02,6158
15.77,6168
16.12,6178
15.84,6188
16.23,6198
16.14,6208
16.17,6218
15.98,6228
16.07,6238
16.09,6248
16.14,6258
15.63,6268
16.12,6278
15.95,6288
15.96,6298
15.41,6308
16.10,6318
15.78,6328
15.73,6338
15.69,6348
15.63,6358
15.88,6368
15.98,6378
15.70,6388
15.66,6398
15.73,6408
15.90,6418
15.62,6428
15.95,6438
15.85,6448
15.93,6458
15.62,6468
15.94,6478
15.62,6488
15.89,6498
15.84,6508
15.89,6518
15.91,6528
15.87,6538
15.83,6548
15.84,6558
15.74,6568
15.96,6578
15.59,6588
15.94,6598
15.71,6608
16.20,6618
16.00,6628
16.05,6638
15.98,6648
15.80,6658
15.66,6668
16.12,6678
15.84,6688
15.85,6698
15.67,6708
15.89,6718
15.73,6728
15.89,6738
15.57,6748
15.85,6758
15.63,6768
15.85,6778
15.79,6788
15.80,6798
15.46,6808
15.55,6818
15.68,6828
15.68,6838
15.38,6848
15.52,6858
15.20,6868
15.29,6878
15.04,6888
15.35,6898
14.93,6908
14.99,6918
14.69,6928
14.99,6938
14.70,6948
14.70,6958
14.66,6968
14.84,6978
14.56,6988
14.48,6998
14.63,7008
14.45,7018
14.48,7028
14.47,7038
14.16,7048
14.34,7058
14.45,7068
14.21,7078
13.91,7088
14.25,7098
13.81,7108
14.24,7118
14.16,7128
14.05,7138
13.97,7148
14.06,7158
13.88,7168
13.70,7178
13.63,7188
13.97,7198
13.73,7208
13.53,7218
13.73,7228
13.69,7238
13.41,7248
13.58,7258
13.35,7268
13.38,7278
13.30,7288
13.43,7298
13.22,7308
13.36,7318
13.02,7328
13.38,7338
13.09,7348
13.21,7358
13.00,7368
12.92,7378
12.78,7388
12.98,7398
12.60,7408
12.75,7418
12.55,7428
12.73,7438
12.88,7448
12.53,7458
12.78,7468
12.71,7478
12.33,7488
12.31,7498
12.22,7508
12.72,7518
12.65,7528
12.48,7538
12.07,7548
12.58,7558
12.39,7568
12.28,7578
12.38,7588
12.30,7598
12.13,7608
12.16,7618
11.83,7628
12.00,7638
12.24,7648
12.04,7658
12.27,7668
12.16,7678
11.63,7688
12.12,7698
12.13,7708
11.98,7718
11.59,7728
11.66,7738
11.44,7748
11.57,7758
11.57,7768
11.59,7778
11.20,7788
11.65,7798
11.35,7808
11.51,7818
11.21,7828
11.41,7838
11.21,7848
11.30,7858
11.13,7868
11.54,7878
11.14,7888
11.57,7898
11.46,7908
11.16,7918
11.27,7928
11.13,7938
11.17,7948
11.46,7958
11.55,7968
11.41,7978
11.08,7988
11.34,7998
11.17,8008
10.96,8018
11.10,8028
11.41,8038
10.92,8048
11.44,8058
10.98,8068
11.28,8078
11.06,8088
11.21,8098
11.03,8108
11.22,8118
10.86,8128
11.05,8138
11.13,8148
10.84,8158
10.99,8168
10.97,8178
10.88,8188
11.17,8198
11.05,8208
11.14,8218
10.99,8228
11.20,8238
11.21,8248
11.31,8258
11.10,8268
11.04,8278
11.22,8288
11.15,8298
10.85,8308
10.86,8318
10.84,8328
11.05,8338
11.01,8348
11.11,8358
10.67,8368
10.91,8378
10.97,8388
11.02,8398
10.89,8408
11.14,8418
11.05,8428
10.93,8438
10.65,8448
10.88,8458
10.34,8468
11.00,8478
10.51,8488
10.90,8498
10.86,8508
10.99,8518
10.73,8528
11.02,8538
10.70,8548
10.51,8558
10.88,8568
11.00,8578
10.79,8588
10.77,8598
10.84,8608
11.06,8618
10.71,8628
10.84,8638
10.93,8648
10.82,8658
10.98,8668
10.93,8678
10.77,8688
11.00,8698
10.87,8708
11.08,8718
10.84,8728
10.78,8738
10.71,8748
10.84,8758
10.86,8768
10.84,8778
10.80,8788
11.20,8798
10.91,8808
10.91,8818
10.83,8828
10.95,8838
10.88,8848
11.05,8858
10.91,8868
10.94,8878
10.62,8888
10.93,8898
10.73,8908
11.11,8918
10.78,8928
11.09,8938
10.79,8948
10.88,8958
10.79,8968
11.24,8978
10.88,8988
10.65,8998
10.73,9008
11.21,9018
10.81,9028
10.95,9038
10.95,9048
10.98,9058
10.79,9068
11.29,9078
10.89,9088
10.95,9098
10.93,9108
11.31,9118
10.98,9128
11.15,9138
11.01,9148
11.33,9158
11.01,9168
11.16,9178
10.95,9188
11.09,9198
11.08,9208
11.01,9218
11.13,9228
10.88,9238
11.08,9248
11.08,9258
11.20,9268
11.06,9278
11.37,9288
11.48,9298
11.50,9308
12.04,9318
11.58,9328
12.16,9338
12.06,9348
12.29,9358
12.16,9368
12.48,9378
12.03,9388
12.46,9398
12.51,9408
12.48,9418
12.46,9428
12.61,9438
12.73,9448
12.69,9458
12.70,9468
13.03,9478
12.88,9488
12.82,9498
13.02,9508
13.05,9518
13.01,9528
13.32,9538
12.94,9548
12.94,9558
13.16,9568
13.17,9578
13.03,9588
13.40,9598
13.09,9608
13.29,9618
13.41,9628
13.63,9638
13.56,9648
13.70,9658
13.44,9668
13.33,9678
13.35,9688
13.68,9698
13.34,9708
13.52,9718
13.13,9728
13.39,9738
13.74,9748
13.68,9758
13.58,9768
13.89,9778
13.45,9788
13.91,9798
13.45,9808
13.88,9818
13.88,9828
13.72,9838
13.80,9848
13.56,9858
13.55,9868
13.94,9878
13.63,9888
14.02,9898
13.77,9908
13.87,9918
13.38,9928
13.53,9938
13.88,9948
13.70,9958
13.51,9968
13.83,9978
13.62,9988
13.55,9998
13.62,10008
13.58,10018
13.83,10028
13.64,10038
13.64,10048
13.58,10058
13.42,10068
13.48,10078
13.72,10088
13.45,10098
13.53,10108
13.66,10118
13.25,10128
13.65,10138
13.09,10148
13.38,10158
13.37,10168
13.46,10178
13.18,10188
13.48,10198
13.16,10208
13.45,10218
13.18,10228
13.42,10238
13.41,10248
13.45,10258
13.36,10268
13.56,10278
12.95,10288
13.52,10298
13.28,10308
13.23,10318
13.25,10328
13.71,10338
13.39,10348
13.49,10358
13.28,10368
13.52,10378
13.32,10388
13.62,10398
13.28,10408
13.66,10418
13.48,10428
13.24,10438
13.45,10448
13.42,10458
13.38,10468
13.54,10478
13.41,10488
13.58,10498
13.37,10508
13.79,10518
13.27,10528
13.56,10538
13.25,10548
13.36,10558
13.48,10568
13.70,10578
13.27,10588
13.41,10598
13.33,10608
13.55,10618
13.55,10628
13.48,10638
13.37,10648
13.70,10658
13.61,10668
13.38,10678
13.52,10688
13.65,10698
13.70,10708
13.55,10718
13.44,10728
13.88,10738
13.45,10748
13.58,10758
13.68,10768
13.47,10778
13.69,10788
13.70,10798
13.45,10808
13.69,10818
13.64,10828
13.66,10838
13.55,10848
13.80,10858
13.74,10868
14.05,10878
13.90,10888
13.95,10898
13.77,10908
13.89,10918
13.77,10928
14.16,10938
14.15,10948
14.02,10958
14.17,10968
14.07,10978
13.88,10988
14.16,10998
14.19,11008
14.27,11018
14.45,11028
14.40,11038
14.24,11048
14.30,11058
14.61,11068
14.54,11078
14.56,11088
14.45,11098
14.27,11108
14.48,11118
14.62,11128
14.67,11138
14.27,11148
14.47,11158
14.41,11168
14.59,11178
14.35,11188
14.61,11198
14.13,11208
14.66,11218
14.55,11228
14.44,11238
14.49,11248
14.41,11258
14.33,11268
14.45,11278
14.55,11288
14.55,11298
14.32,11308
14.53,11318
14.50,11328
14.45,11338
14.43,11348
14.42,11358
14.45,11368
14.46,11378
14.26,11388
14.55,11398
14.46,11408
14.50,11418
14.33,11428
14.51,11438
14.16,11448
14.57,11458
14.51,11468
14.34,11478
14.51,11488
14.38,11498
14.51,11508
14.34,11518
14.18,11528
14.57,11538
14.58,11548
14.56,11558
14.32,11568
14.60,11578
14.34,11588
14.72,11598
14.57,11608
14.41,11618
14.35,11628
14.72,11638
14.41,11648
14.92,11658
14.55,11668
14.80,11678
14.52,11688
14.95,11698
14.36,11708
14.83,11718
14.91,11728
14.84,11738
14.56,11748
14.75,11758
14.42,11768
14.60,11778
14.67,11788
14.76,11798
14.62,11808
14.71,11818
14.52,11828
14.83,11838
14.55,11848
14.64,11858
14.68,11868
14.72,11878
14.63,11888
14.52,11898
14.52,11908
14.57,11918
14.39,11928
14.82,11938
14.50,11948
14.42,11958
14.74,11968
14.70,11978
14.34,11988
14.59,11998
14.56,12008
14.72,12018
14.38,12028
14.63,12038
14.48,12048
14.65,12058
14.57,12068
14.52,12078
14.68,12088
14.59,12098
14.48,12108
14.75,12118
14.34,12128
14.62,12138
14.31,12148
14.65,12158
14.38,12168
14.78,12178
14.33,12188
14.36,12198
14.13,12208
14.68,12218
14.09,12228
14.52,12238
14.20,12248
14.53,12258
14.43,12268
14.26,12278
14.37,12288
14.34,12298
14.34,12308
14.52,12318
14.54,12328
14.38,12338
14.67,12348
14.46,12358
14.62,12368
14.47,12378
14.45,12388
14.94,12398
14.43,12408
14.79,12418
14.34,12428
14.78,12438
14.52,12448
14.91,12458
14.78,12468
14.65,12478
14.80,12488
14.79,12498
14.54,12508
14.90,12518
14.63,12528
14.95,12538
14.80,12548
15.03,12558
14.86,12568
14.63,12578
14.55,12588
14.73,12598
14.81,12608
14.69,12618
14.60,12628
14.61,12638
14.76,12648
14.88,12658
14.48,12668
14.80,12678
14.59,12688
14.77,12698
14.61,12708
14.46,12718
14.48,12728
15.03,12738
14.56,12748
14.69,12758
14.51,12768
14.48,12778
14.75,12788
14.43,12798
14.44,12808
14.58,12818
14.36,12828
14.80,12838
14.41,12848
14.53,12858
14.63,12868
14.41,12878
14.39,12888
14.30,12898
14.39,12908
14.45,12918
14.42,12928
14.52,12938
14.38,12948
14.44,12958
14.09,12968
14.52,12978
14.30,12988
14.29,12998
