25.75,8
25.12,18
24.37,28
23.62,38
22.75,48
21.87,58
20.87,68
19.87,78
18.75,88
17.75,98
16.62,108
15.50,118
14.25,128
13.00,138
11.88,148
10.63,158
9.38,168
8.13,178
6.87,188
5.62,198
4.37,208
3.12,218
1.87,228
0.75,238
-0.37,248
-1.50,258
-2.50,268
-3.62,278
-4.62,288
-5.37,298
-6.37,308
-7.25,318
-8.00,328
-8.63,338
-9.25,348
-9.75,358
-10.25,368
-10.63,378
-11.00,388
-11.25,398
-11.38,408
-11.50,418
-11.50,428
-11.50,438
-11.38,448
-11.13,458
-10.88,468
-10.50,478
-10.13,488
-9.50,498
-9.00,508
-8.25,518
-7.50,528
-6.75,538
-5.87,548
-5.00,558
-4.12,568
-3.12,578
-2.12,588
-0.88,598
0.13,608
1.25,618
2.50,628
3.75,638
5.00,648
6.12,658
7.37,668
8.63,678
10.00,688
11.25,698
12.38,708
13.63,718
14.88,728
16.00,738
17.12,748
18.25,758
19.37,768
20.37,778
21.37,788
22.25,798
23.12,808
24.00,818
24.75,828
25.37,838
26.00,848
26.62,858
27.00,868
27.50,878
27.75,888
28.12,898
28.25,908
28.37,918
28.37,928
28.25,938
28.12,948
27.87,958
27.62,968
27.25,978
26.75,988
26.25,998
25.75,1008
25.12,1018
24.37,1028
23.50,1038
22.75,1048
21.87,1058
20.87,1068
19.87,1078
18.87,1088
17.75,1098
16.62,1108
15.50,1118
14.25,1128
13.13,1138
11.88,1148
10.63,1158
9.38,1168
8.13,1178
6.75,1188
5.62,1198
4.37,1208
3.12,1218
1.87,1228
0.75,1238
-0.37,1248
-1.50,1258
-2.50,1268
-3.62,1278
-4.62,1288
-5.50,1298
-6.37,1308
-7.12,1318
-7.87,1328
-8.63,1338
-9.25,1348
-9.88,1358
-10.25,1368
-10.63,1378
-11.00,1388
-11.38,1398
-11.50,1408
-11.50,1418
-11.63,1428
-11.50,1438
-11.38,1448
-11.13,1458
-10.88,1468
-10.50,1478
-10.13,1488
-9.50,1498
-9.00,1508
-8.38,1518
-7.62,1528
-6.87,1538
-6.00,1548
-5.12,1558
-4.12,1568
-3.12,1578
-2.12,1588
-1.00,1598
0.13,1608
1.25,1618
2.50,1628
3.75,1638
4.87,1648
6.12,1658
7.37,1668
8.63,1678
9.88,1688
11.13,1698
12.25,1708
13.63,1718
14.75,1728
16.00,1738
17.12,1748
18.25,1758
19.25,1768
20.25,1778
21.25,1788
22.25,1798
23.12,1808
23.87,1818
24.75,1828
25.37,1838
26.00,1848
26.50,1858
27.00,1868
27.50,1878
27.75,1888
28.00,1898
28.25,1908
28.37,1918
28.37,1928
28.25,1938
28.12,1948
27.87,1958
27.62,1968
27.25,1978
26.87,1988
26.37,1998
25.75,2008
25.12,2018
24.37,2028
23.62,2038
22.75,2048
21.87,2058
20.87,2068
19.87,2078
18.87,2088
17.75,2098
16.62,2108
15.50,2118
14.38,2128
13.13,2138
11.88,2148
10.63,2158
9.38,2168
8.13,2178
6.87,2188
5.62,2198
4.37,2208
3.25,2218
1.87,2228
0.75,2238
-0.37,2248
-1.50,2258
-2.50,2268
-3.62,2278
-4.50,2288
-5.50,2298
-6.37,2308
-7.12,2318
-7.87,2328
-8.63,2338
-9.25,2348
-9.75,2358
-10.25,2368
-10.63,2378
-10.88,2388
-11.25,2398
-11.50,2408
-11.50,2418
-11.50,2428
-11.50,2438
-11.38,2448
-11.13,2458
-10.88,2468
-10.50,2478
-10.00,2488
-9.50,2498
-9.00,2508
-8.38,2518
-7.62,2528
-6.87,2538
-6.00,2548
-5.12,2558
-4.12,2568
-3.12,2578
-2.12,2588
-1.00,2598
0.00,2608
1.25,2618
2.50,2628
3.62,2638
4.87,2648
6.12,2658
7.37,2668
8.63,2678
9.88,2688
11.13,2698
12.38,2708
13.63,2718
14.88,2728
16.00,2738
17.12,2748
18.12,2758
19.25,2768
20.25,2778
21.25,2788
22.25,2798
23.12,2808
23.87,2818
24.62,2828
25.37,2838
26.00,2848
26.50,2858
27.00,2868
27.37,2878
27.75,2888
28.00,2898
28.25,2908
28.37,2918
28.37,2928
28.37,2938
28.12,2948
28.00,2958
27.62,2968
27.25,2978
26.87,2988
26.37,2998
25.75,3008
25.12,3018
24.37,3028
23.62,3038
22.75,3048
21.87,3058
21.00,3068
20.00,3078
18.87,3088
17.87,3098
16.75,3108
15.50,3118
14.38,3128
13.13,3138
11.88,3148
10.75,3158
9.38,3168
8.25,3178
6.87,3188
5.62,3198
4.37,3208
3.25,3218
2.00,3228
0.88,3238
-0.37,3248
-1.37,3258
-2.50,3268
-3.50,3278
-4.50,3288
-5.50,3298
-6.25,3308
-7.12,3318
-7.87,3328
-8.63,3338
-9.13,3348
-9.75,3358
-10.25,3368
-10.63,3378
-11.00,3388
-11.25,3398
-11.50,3408
-11.63,3418
-11.63,3428
-11.50,3438
-11.38,3448
-11.13,3458
-10.88,3468
-10.63,3478
-10.13,3488
-9.50,3498
-9.00,3508
-8.38,3518
-7.62,3528
-6.87,3538
-6.00,3548
-5.12,3558
-4.12,3568
-3.25,3578
-2.12,3588
-1.12,3598
0.13,3608
1.12,3618
2.37,3628
3.62,3638
4.87,3648
6.00,3658
7.37,3668
8.50,3678
9.75,3688
11.00,3698
12.25,3708
13.50,3718
14.75,3728
15.88,3738
17.12,3748
18.25,3758
19.25,3768
20.25,3778
21.25,3788
22.12,3798
23.00,3808
23.87,3818
24.62,3828
25.37,3838
26.00,3848
26.50,3858
27.00,3868
27.37,3878
27.62,3888
28.00,3898
28.25,3908
28.37,3918
28.25,3928
28.25,3938
28.25,3948
28.00,3958
27.75,3968
27.25,3978
26.87,3988
26.37,3998
25.75,4008
25.12,4018
24.37,4028
23.62,4038
22.75,4048
21.87,4058
21.00,4068
20.00,4078
18.87,4088
17.87,4098
16.75,4108
15.63,4118
14.38,4128
13.25,4138
11.88,4148
10.75,4158
9.50,4168
8.25,4178
7.00,4188
5.75,4198
4.50,4208
3.25,4218
2.00,4228
0.88,4238
-0.25,4248
-1.37,4258
-2.50,4268
-3.50,4278
-4.50,4288
-5.37,4298
-6.25,4308
-7.12,4318
-7.87,4328
-8.50,4338
-9.25,4348
-9.75,4358
-10.25,4368
-10.63,4378
-11.00,4388
-11.25,4398
-11.50,4408
-11.63,4418
-11.63,4428
-11.50,4438
-11.38,4448
-11.25,4458
-11.00,4468
-10.50,4478
-10.13,4488
-9.63,4498
-9.00,4508
-8.38,4518
-7.62,4528
-6.87,4538
-6.12,4548
-5.12,4558
-4.25,4568
-3.25,4578
-2.12,4588
-1.12,4598
0.00,4608
1.12,4618
2.37,4628
3.62,4638
4.87,4648
6.00,4658
7.25,4668
8.63,4678
9.75,4688
11.00,4698
12.25,4708
13.50,4718
14.75,4728
15.88,4738
17.00,4748
18.12,4758
19.25,4768
20.25,4778
21.25,4788
22.12,4798
23.12,4808
23.87,4818
24.62,4828
25.37,4838
26.00,4848
26.50,4858
27.00,4868
27.37,4878
27.75,4888
28.00,4898
28.25,4908
28.37,4918
28.25,4928
28.25,4938
28.12,4948
28.00,4958
27.62,4968
27.37,4978
26.87,4988
26.37,4998
25.75,5008
25.12,5018
24.50,5028
23.75,5038
22.87,5048
21.87,5058
21.00,5068
20.00,5078
19.00,5088
17.87,5098
16.75,5108
15.63,5118
14.38,5128
13.25,5138
12.00,5148
10.75,5158
9.50,5168
8.25,5178
7.00,5188
5.75,5198
4.50,5208
3.25,5218
2.12,5228
1.00,5238
-0.25,5248
-1.37,5258
-2.37,5268
-3.37,5278
-4.50,5288
-5.37,5298
-6.37,5308
-7.12,5318
-7.75,5328
-8.50,5338
-9.13,5348
-9.75,5358
-10.25,5368
-10.63,5378
-11.00,5388
-11.25,5398
-11.50,5408
-11.50,5418
-11.50,5428
-11.50,5438
-11.38,5448
-11.13,5458
-10.88,5468
-10.50,5478
-10.13,5488
-9.63,5498
-9.00,5508
-8.38,5518
-7.62,5528
-6.87,5538
-6.12,5548
-5.12,5558
-4.25,5568
-3.25,5578
-2.12,5588
-1.12,5598
0.00,5608
1.12,5618
2.37,5628
3.50,5638
4.75,5648
6.00,5658
7.25,5668
8.50,5678
9.75,5688
11.00,5698
12.25,5708
13.50,5718
14.75,5728
15.88,5738
17.00,5748
18.12,5758
19.12,5768
20.25,5778
21.12,5788
22.12,5798
23.00,5808
23.75,5818
24.62,5828
25.37,5838
25.87,5848
26.50,5858
27.00,5868
27.37,5878
27.75,5888
28.00,5898
28.12,5908
28.37,5918
28.37,5928
28.25,5938
28.12,5948
28.00,5958
27.62,5968
27.37,5978
27.00,5988
26.37,5998
25.87,6008
25.12,6018
24.50,6028
23.75,6038
22.87,6048
22.00,6058
21.00,6068
20.12,6078
19.00,6088
17.87,6098
16.87,6108
15.75,6118
14.38,6128
13.25,6138
12.13,6148
10.75,6158
9.50,6168
8.25,6178
7.12,6188
5.75,6198
4.62,6208
3.37,6218
2.12,6228
0.88,6238
-0.25,6248
-1.37,6258
-2.37,6268
-3.50,6278
-4.37,6288
-5.37,6298
-6.25,6308
-7.00,6318
-7.87,6328
-8.50,6338
-9.13,6348
-9.75,6358
-10.25,6368
-10.63,6378
-11.00,6388
-11.25,6398
-11.38,6408
-11.50,6418
-11.50,6428
-11.50,6438
-11.38,6448
-11.13,6458
-10.88,6468
-10.50,6478
-10.13,6488
-9.63,6498
-9.00,6508
-8.38,6518
-7.75,6528
-6.87,6538
-6.12,6548
-5.25,6558
-4.37,6568
-3.25,6578
-2.25,6588
-1.12,6598
0.00,6608
1.12,6618
2.37,6628
3.50,6638
4.75,6648
6.00,6658
7.25,6668
8.50,6678
9.75,6688
11.00,6698
12.13,6708
13.38,6718
14.63,6728
15.88,6738
17.00,6748
18.12,6758
19.12,6768
20.12,6778
21.25,6788
22.12,6798
23.00,6808
23.75,6818
24.62,6828
25.25,6838
26.00,6848
26.50,6858
27.00,6868
27.37,6878
27.75,6888
28.00,6898
28.25,6908
28.37,6918
28.37,6928
28.25,6938
28.25,6948
28.00,6958
27.75,6968
27.37,6978
27.00,6988
26.50,6998
25.87,7008
25.25,7018
24.50,7028
23.87,7038
22.87,7048
22.00,7058
21.12,7068
20.12,7078
19.00,7088
18.00,7098
16.75,7108
15.63,7118
14.50,7128
13.38,7138
12.13,7148
10.88,7158
9.63,7168
8.38,7178
7.12,7188
5.87,7198
4.62,7208
3.37,7218
2.12,7228
1.00,7238
-0.13,7248
-1.37,7258
-2.37,7268
-3.37,7278
-4.37,7288
-5.25,7298
-6.12,7308
-7.00,7318
-7.75,7328
-8.50,7338
-9.13,7348
-9.63,7358
-10.13,7368
-10.63,7378
-10.88,7388
-11.13,7398
-11.38,7408
-11.63,7418
-11.50,7428
-11.50,7438
-11.38,7448
-11.13,7458
-10.88,7468
-10.50,7478
-10.13,7488
-9.63,7498
-9.00,7508
-8.50,7518
-7.75,7528
-7.00,7538
-6.12,7548
-5.25,7558
-4.25,7568
-3.37,7578
-2.25,7588
-1.25,7598
0.00,7608
1.12,7618
2.25,7628
3.50,7638
4.62,7648
5.87,7658
7.25,7668
8.38,7678
9.63,7688
11.00,7698
12.25,7708
13.38,7718
14.63,7728
15.75,7738
17.00,7748
18.00,7758
19.12,7768
20.12,7778
21.12,7788
22.12,7798
23.00,7808
23.75,7818
24.62,7828
25.25,7838
25.87,7848
26.37,7858
27.00,7868
27.37,7878
27.75,7888
28.00,7898
28.25,7908
28.37,7918
28.37,7928
28.37,7938
28.12,7948
28.00,7958
27.62,7968
27.37,7978
27.00,7988
26.50,7998
25.87,8008
25.25,8018
24.62,8028
23.75,8038
22.87,8048
22.00,8058
21.12,8068
20.12,8078
19.12,8088
18.00,8098
16.87,8108
15.75,8118
14.63,8128
13.38,8138
12.13,8148
10.88,8158
9.63,8168
8.38,8178
7.12,8188
5.87,8198
4.62,8208
3.37,8218
2.25,8228
1.00,8238
-0.13,8248
-1.25,8258
-2.37,8268
-3.37,8278
-4.37,8288
-5.37,8298
-6.12,8308
-7.00,8318
-7.75,8328
-8.50,8338
-9.13,8348
-9.63,8358
-10.13,8368
-10.50,8378
-11.00,8388
-11.25,8398
-11.38,8408
-11.63,8418
-11.50,8428
-11.50,8438
-11.38,8448
-11.25,8458
-10.88,8468
-10.63,8478
-10.13,8488
-9.75,8498
-9.13,8508
-8.38,8518
-7.75,8528
-7.00,8538
-6.12,8548
-5.25,8558
-4.37,8568
-3.37,8578
-2.25,8588
-1.25,8598
-0.13,8608
1.00,8618
2.25,8628
3.37,8638
4.62,8648
5.87,8658
7.12,8668
8.38,8678
9.63,8688
10.88,8698
12.13,8708
13.38,8718
14.50,8728
15.75,8738
16.87,8748
18.00,8758
19.12,8768
20.12,8778
21.12,8788
22.00,8798
23.00,8808
23.75,8818
24.62,8828
25.25,8838
25.87,8848
26.50,8858
27.00,8868
27.37,8878
27.75,8888
28.00,8898
28.25,8908
28.25,8918
28.37,8928
28.25,8938
28.25,8948
28.00,8958
27.62,8968
27.37,8978
27.00,8988
26.37,8998
25.87,9008
25.25,9018
24.50,9028
23.75,9038
23.00,9048
22.00,9058
21.12,9068
20.12,9078
19.12,9088
18.00,9098
16.87,9108
15.75,9118
14.63,9128
13.38,9138
12.13,9148
10.88,9158
9.63,9168
8.50,9178
7.12,9188
5.87,9198
4.75,9208
3.37,9218
2.25,9228
1.00,9238
-0.13,9248
-1.12,9258
-2.25,9268
-3.37,9278
-4.37,9288
-5.25,9298
-6.12,9308
-7.00,9318
-7.75,9328
-8.38,9338
-9.13,9348
-9.63,9358
-10.13,9368
-10.63,9378
-10.88,9388
-11.25,9398
-11.38,9408
-11.63,9418
-11.63,9428
-11.50,9438
-11.38,9448
-11.25,9458
-11.00,9468
-10.63,9478
-10.13,9488
-9.75,9498
-9.13,9508
-8.50,9518
-7.75,9528
-7.00,9538
-6.25,9548
-5.25,9558
-4.37,9568
-3.37,9578
-2.37,9588
-1.25,9598
-0.13,9608
1.00,9618
2.12,9628
3.37,9638
4.62,9648
5.75,9658
7.12,9668
8.38,9678
9.50,9688
10.88,9698
12.13,9708
13.25,9718
14.50,9728
15.63,9738
16.87,9748
18.00,9758
19.00,9768
20.12,9778
21.12,9788
22.00,9798
23.00,9808
23.75,9818
24.50,9828
25.25,9838
25.87,9848
26.50,9858
26.87,9868
27.25,9878
27.75,9888
28.00,9898
28.12,9908
28.25,9918
28.37,9928
28.37,9938
28.25,9948
28.00,9958
27.75,9968
27.37,9978
27.00,9988
26.50,9998
