-3.17,8
-2.70,18
-3.09,28
-2.38,38
-3.05,48
-2.60,58
-3.04,68
-2.56,78
-3.06,88
-2.80,98
-2.80,108
-2.56,118
-2.95,128
-2.56,138
-2.77,148
-2.67,158
-2.84,168
-2.53,178
-2.87,188
-2.45,198
-2.76,208
-2.59,218
-2.89,228
-2.57,238
-2.88,248
-2.83,258
-3.05,268
-2.79,278
-3.12,288
-2.72,298
-3.52,308
-2.48,318
-3.48,328
-2.75,338
-3.66,348
-2.60,358
-3.46,368
-2.52,378
-3.93,388
-2.57,398
-4.05,408
-2.90,418
-3.93,428
-2.73,438
-3.66,448
-2.76,458
-3.70,468
-2.76,478
-3.66,488
-2.75,498
-3.44,508
-2.82,518
-3.69,528
-2.94,538
-3.66,548
-2.67,558
-3.42,568
-2.93,578
-3.33,588
-3.03,598
-3.47,608
-2.93,618
-3.18,628
-3.16,638
-3.45,648
-2.77,658
-3.33,668
-2.90,678
-3.20,688
-2.94,698
-3.00,708
-2.78,718
-2.96,728
-3.02,738
-3.25,748
-3.06,758
-3.09,768
-3.09,778
-2.78,788
-2.98,798
-3.02,808
-2.98,818
-2.85,828
-2.81,838
-3.01,848
-2.98,858
-2.73,868
-2.90,878
-3.01,888
-2.96,898
-2.80,908
-2.84,918
-2.95,928
-3.00,938
-3.02,948
-3.06,958
-2.97,968
-2.82,978
-2.90,988
-2.86,998
-2.66,1008
-2.91,1018
-2.95,1028
-3.05,1038
-2.86,1048
-2.90,1058
-2.99,1068
-2.91,1078
-2.91,1088
-2.98,1098
-2.71,1108
-3.12,1118
-2.92,1128
-3.13,1138
-2.81,1148
-3.18,1158
-2.91,1168
-2.98,1178
-2.84,1188
-2.99,1198
-2.95,1208
-2.86,1218
-2.98,1228
-2.84,1238
-2.89,1248
-3.08,1258
-2.98,1268
-2.96,1278
-2.83,1288
-2.84,1298
-2.63,1308
-2.85,1318
-2.84,1328
-2.96,1338
-2.81,1348
-2.95,1358
-2.79,1368
-3.06,1378
-2.90,1388
-3.02,1398
-2.90,1408
-2.81,1418
-2.98,1428
-2.85,1438
-2.98,1448
-2.84,1458
-2.96,1468
-2.74,1478
-2.88,1488
-3.05,1498
-2.83,1508
-2.89,1518
-3.14,1528
-3.00,1538
-3.02,1548
-2.95,1558
-2.76,1568
-2.92,1578
-2.95,1588
-2.89,1598
-2.78,1608
-3.11,1618
-2.86,1628
-3.03,1638
-2.94,1648
-3.10,1658
-2.75,1668
-2.98,1678
-2.94,1688
-3.10,1698
-2.67,1708
-3.10,1718
-2.88,1728
-2.98,1738
-2.93,1748
-2.99,1758
-2.91,1768
-3.03,1778
-3.01,1788
-3.13,1798
-2.84,1808
-3.18,1818
-3.04,1828
-2.96,1838
-2.93,1848
-3.09,1858
-3.07,1868
-3.05,1878
-2.63,1888
-2.90,1898
-2.89,1908
-3.09,1918
-3.14,1928
-3.12,1938
-2.98,1948
-3.08,1958
-2.90,1968
-3.16,1978
-2.91,1988
-3.32,1998
-2.95,2008
-3.09,2018
-3.04,2028
-3.29,2038
-2.88,2048
-3.21,2058
-3.09,2068
-3.26,2078
-3.05,2088
-3.12,2098
-3.02,2108
-3.22,2118
-3.04,2128
-3.42,2138
-3.05,2148
-3.31,2158
-3.05,2168
-3.32,2178
-3.11,2188
-3.23,2198
-3.18,2208
-3.27,2218
-3.09,2228
-3.21,2238
-3.10,2248
-3.05,2258
-3.01,2268
-3.20,2278
-3.10,2288
-3.34,2298
-3.03,2308
-3.22,2318
-3.30,2328
-3.20,2338
-3.03,2348
-3.20,2358
-3.00,2368
-3.35,2378
-3.25,2388
-3.34,2398
-2.84,2408
-3.23,2418
-3.09,2428
-3.21,2438
-2.95,2448
-3.20,2458
-3.10,2468
-3.20,2478
-3.29,2488
-3.03,2498
-3.14,2508
-3.30,2518
-3.27,2528
-3.08,2538
-3.05,2548
-3.31,2558
-3.12,2568
-3.16,2578
-3.12,2588
-3.35,2598
-3.20,2608
-3.30,2618
-2.94,2628
-3.37,2638
-3.16,2648
-3.41,2658
-3.33,2668
-3.26,2678
-3.03,2688
-3.34,2698
-3.05,2708
-3.34,2718
-3.23,2728
-3.25,2738
-3.05,2748
-3.23,2758
-3.14,2768
-3.45,2778
-3.27,2788
-3.48,2798
-2.97,2808
-3.46,2818
-3.21,2828
-3.23,2838
-3.15,2848
-3.22,2858
-3.11,2868
-3.38,2878
-3.33,2888
-3.32,2898
-3.19,2908
-3.50,2918
-3.23,2928
-3.52,2938
-3.37,2948
-3.33,2958
-3.28,2968
-3.46,2978
-3.38,2988
-3.55,2998
-3.34,3008
-3.59,3018
-3.38,3028
-3.39,3038
-3.37,3048
-3.34,3058
-3.48,3068
-3.50,3078
-3.19,3088
-3.57,3098
-3.23,3108
-3.30,3118
-3.43,3128
-3.59,3138
-3.41,3148
-3.66,3158
-3.52,3168
-3.50,3178
-3.44,3188
-3.93,3198
-3.44,3208
-3.56,3218
-3.43,3228
-3.70,3238
-3.28,3248
-3.72,3258
-3.25,3268
-3.62,3278
-3.38,3288
-3.55,3298
-3.51,3308
-3.28,3318
-3.16,3328
-3.59,3338
-3.28,3348
-3.58,3358
-3.20,3368
-3.22,3378
-3.38,3388
-3.41,3398
-3.35,3408
-3.41,3418
-3.34,3428
-3.50,3438
-3.15,3448
-3.62,3458
-3.15,3468
-3.44,3478
-3.45,3488
-3.43,3498
-3.35,3508
-3.56,3518
-3.32,3528
-3.42,3538
-3.11,3548
-3.63,3558
-3.33,3568
-3.56,3578
-3.20,3588
-3.66,3598
-3.44,3608
-3.55,3618
-3.61,3628
-3.73,3638
-3.34,3648
-3.51,3658
-3.52,3668
-3.45,3678
-3.41,3688
-3.41,3698
-3.45,3708
-3.41,3718
-3.66,3728
-3.66,3738
-3.53,3748
-3.58,3758
-3.41,3768
-3.55,3778
-3.41,3788
-3.49,3798
-3.36,3808
-3.64,3818
-3.62,3828
-3.86,3838
-3.53,3848
-3.77,3858
-3.77,3868
-3.70,3878
-3.31,3888
-3.66,3898
-3.66,3908
-3.79,3918
-3.71,3928
-3.77,3938
-3.52,3948
-3.55,3958
-3.38,3968
-3.70,3978
-3.69,3988
-3.83,3998
-3.51,4008
-3.71,4018
-3.43,4028
-3.67,4038
-3.59,4048
-3.70,4058
-3.48,4068
-3.68,4078
-3.55,4088
-3.53,4098
-3.56,4108
-3.78,4118
-3.48,4128
-3.72,4138
-3.50,4148
-3.74,4158
-3.66,4168
-3.66,4178
-3.56,4188
-3.78,4198
-3.50,4208
-3.58,4218
-3.54,4228
-3.59,4238
-3.65,4248
-3.59,4258
-3.43,4268
-3.66,4278
-3.73,4288
-3.91,4298
-3.50,4308
-3.76,4318
-3.43,4328
-3.73,4338
-3.55,4348
-3.70,4358
-3.67,4368
-3.66,4378
-3.53,4388
-3.62,4398
-3.58,4408
-3.83,4418
-3.71,4428
-3.87,4438
-3.45,4448
-3.81,4458
-3.56,4468
-3.80,4478
-3.45,4488
-3.70,4498
-3.63,4508
-3.84,4518
-3.62,4528
-3.77,4538
-3.62,4548
-3.67,4558
-3.40,4568
-3.66,4578
-3.49,4588
-3.90,4598
-3.53,4608
-3.61,4618
-3.62,4628
-3.82,4638
-3.79,4648
-3.79,4658
-3.63,4668
-3.60,4678
-3.56,4688
-3.98,4698
-3.75,4708
-3.66,4718
-3.77,4728
-3.95,4738
-3.59,4748
-3.81,4758
-3.70,4768
-4.06,4778
-3.57,4788
-3.91,4798
-3.65,4808
-3.90,4818
-3.73,4828
-3.76,4838
-3.84,4848
-3.92,4858
-3.88,4868
-3.87,4878
-3.90,4888
-4.04,4898
-4.00,4908
-3.99,4918
-3.74,4928
-3.98,4938
-3.68,4948
-3.80,4958
-3.77,4968
-3.95,4978
-3.86,4988
-4.22,4998
-3.84,5008
-4.00,5018
-3.80,5028
-4.05,5038
-3.73,5048
-4.05,5058
-3.84,5068
-4.03,5078
-3.77,5088
-3.96,5098
-3.74,5108
-3.93,5118
-3.79,5128
-4.20,5138
-3.89,5148
-4.05,5158
-3.89,5168
-4.23,5178
-3.91,5188
-4.08,5198
-3.85,5208
-4.09,5218
-3.84,5228
-4.37,5238
-3.92,5248
-4.20,5258
-3.74,5268
-4.34,5278
-3.98,5288
-4.27,5298
-4.11,5308
-4.17,5318
-4.09,5328
-4.01,5338
-4.02,5348
-4.20,5358
-3.90,5368
-4.38,5378
-4.12,5388
-4.23,5398
-4.13,5408
-4.12,5418
-4.03,5428
-4.21,5438
-4.14,5448
-4.26,5458
-3.95,5468
-4.04,5478
-3.98,5488
-4.23,5498
-4.05,5508
-4.24,5518
-4.08,5528
-4.55,5538
-3.99,5548
-4.41,5558
-4.15,5568
-4.52,5578
-4.20,5588
-4.46,5598
-4.29,5608
-4.37,5618
-4.27,5628
-4.40,5638
-4.04,5648
-4.30,5658
-4.27,5668
-4.32,5678
-4.49,5688
-4.56,5698
-4.25,5708
-4.52,5718
-4.37,5728
-4.56,5738
-4.25,5748
-4.46,5758
-4.24,5768
-4.38,5778
-4.16,5788
-4.60,5798
-4.15,5808
-4.31,5818
-4.43,5828
-4.34,5838
-4.24,5848
-4.91,5858
-4.28,5868
-4.69,5878
-4.30,5888
-4.81,5898
-4.34,5908
-4.48,5918
-4.32,5928
-4.62,5938
-4.45,5948
-4.39,5958
-4.40,5968
-4.49,5978
-4.46,5988
-4.74,5998
-4.57,6008
-4.70,6018
-4.33,6028
-4.75,6038
-4.34,6048
-4.70,6058
-4.47,6068
-4.64,6078
-4.36,6088
-4.68,6098
-4.34,6108
-4.81,6118
-4.60,6128
-4.48,6138
-4.23,6148
-4.75,6158
-4.41,6168
-4.55,6178
-4.70,6188
-4.73,6198
-4.57,6208
-4.93,6218
-4.50,6228
-4.71,6238
-4.80,6248
-4.67,6258
-4.65,6268
-4.80,6278
-4.63,6288
-4.95,6298
-4.80,6308
-4.68,6318
-4.54,6328
-4.84,6338
-4.60,6348
-4.82,6358
-4.57,6368
-4.80,6378
-4.63,6388
-4.76,6398
-4.54,6408
-4.92,6418
-4.75,6428
-4.89,6438
-4.52,6448
-4.90,6458
-4.84,6468
-4.89,6478
-4.66,6488
-4.97,6498
-4.61,6508
-4.99,6518
-4.69,6528
-4.68,6538
-4.68,6548
-4.66,6558
-4.81,6568
-4.83,6578
-4.67,6588
-4.80,6598
-4.78,6608
-4.85,6618
-4.66,6628
-4.81,6638
-4.79,6648
-4.75,6658
-5.01,6668
-4.81,6678
-4.62,6688
-4.87,6698
-4.81,6708
-4.81,6718
-4.83,6728
-5.05,6738
-4.80,6748
-5.02,6758
-4.74,6768
-5.00,6778
-4.91,6788
-4.99,6798
-4.74,6808
-5.06,6818
-4.67,6828
-4.96,6838
-4.74,6848
-4.83,6858
-4.70,6868
-4.96,6878
-4.70,6888
-4.86,6898
-4.71,6908
-4.97,6918
-4.75,6928
-4.80,6938
-4.63,6948
-4.97,6958
-4.70,6968
-4.96,6978
-4.77,6988
-5.02,6998
-4.70,7008
-5.19,7018
-4.99,7028
-4.88,7038
-4.90,7048
-4.99,7058
-4.60,7068
-4.91,7078
-4.76,7088
-4.98,7098
-5.09,7108
-4.90,7118
-4.78,7128
-5.20,7138
-5.04,7148
-4.91,7158
-4.81,7168
-4.91,7178
-4.64,7188
-5.28,7198
-4.98,7208
-4.98,7218
-4.91,7228
-4.97,7238
-4.72,7248
-5.18,7258
-4.86,7268
-5.05,7278
-5.02,7288
-4.99,7298
-4.84,7308
-5.05,7318
-4.65,7328
-5.05,7338
-4.80,7348
-5.12,7358
-5.06,7368
-5.20,7378
-4.87,7388
-5.20,7398
-5.10,7408
-5.23,7418
-4.92,7428
-5.21,7438
-4.98,7448
-5.12,7458
-4.86,7468
-5.09,7478
-4.78,7488
-4.97,7498
-4.97,7508
-5.18,7518
-4.77,7528
-5.16,7538
-4.87,7548
-5.17,7558
-5.09,7568
-5.16,7578
-5.16,7588
-5.09,7598
-5.19,7608
-5.09,7618
-4.95,7628
-5.18,7638
-5.02,7648
-5.23,7658
-5.01,7668
-4.98,7678
-5.23,7688
-5.11,7698
-4.90,7708
-5.30,7718
-5.07,7728
-5.14,7738
-5.12,7748
-5.13,7758
-4.99,7768
-5.15,7778
-5.09,7788
-5.16,7798
-5.00,7808
-5.05,7818
-5.08,7828
-5.11,7838
-4.95,7848
-5.34,7858
-4.82,7868
-5.12,7878
-5.14,7888
-5.22,7898
-4.96,7908
-5.05,7918
-5.09,7928
-5.18,7938
-5.03,7948
-5.06,7958
-4.96,7968
-5.22,7978
-4.93,7988
-5.12,7998
-5.02,8008
-5.02,8018
-5.05,8028
-5.23,8038
-4.97,8048
-5.05,8058
-5.12,8068
-5.23,8078
-4.83,8088
-5.21,8098
-5.00,8108
-5.34,8118
-4.94,8128
-5.15,8138
-4.87,8148
-5.13,8158
-4.82,8168
-5.16,8178
-4.95,8188
-5.12,8198
-4.97,8208
-4.98,8218
-4.87,8228
-5.16,8238
-4.93,8248
-5.13,8258
-5.00,8268
-5.20,8278
-5.02,8288
-5.14,8298
-4.77,8308
-4.97,8318
-4.91,8328
-5.09,8338
-4.88,8348
-5.03,8358
-5.01,8368
-5.04,8378
-4.95,8388
-5.20,8398
-4.95,8408
-5.06,8418
-5.02,8428
-5.31,8438
-4.97,8448
-5.15,8458
-4.87,8468
-5.06,8478
-4.72,8488
-5.00,8498
-4.85,8508
-5.05,8518
-4.90,8528
-5.04,8538
-4.95,8548
-5.10,8558
-4.84,8568
-5.20,8578
-4.75,8588
-5.07,8598
-4.95,8608
-5.01,8618
-4.89,8628
-4.95,8638
-5.04,8648
-5.09,8658
-4.91,8668
-4.91,8678
-5.07,8688
-4.91,8698
-4.94,8708
-5.05,8718
-4.98,8728
-4.84,8738
-4.82,8748
-5.05,8758
-4.86,8768
-5.07,8778
-4.93,8788
-4.73,8798
-4.77,8808
-4.98,8818
-4.75,8828
-5.16,8838
-4.75,8848
-4.86,8858
-4.96,8868
-4.92,8878
-4.77,8888
-5.16,8898
-4.74,8908
-4.86,8918
-4.62,8928
-4.93,8938
-4.84,8948
-4.79,8958
-4.72,8968
-4.88,8978
-4.77,8988
-4.98,8998
-4.52,9008
-4.87,9018
-4.70,9028
-4.75,9038
-4.52,9048
-4.73,9058
-4.66,9068
-4.80,9078
-4.65,9088
-4.80,9098
-4.55,9108
-4.73,9118
-4.62,9128
-4.75,9138
-4.77,9148
-4.55,9158
-4.44,9168
-4.55,9178
-4.41,9188
-4.70,9198
-4.49,9208
-4.68,9218
-4.52,9228
-4.54,9238
-4.58,9248
-4.73,9258
-4.39,9268
-4.66,9278
-4.59,9288
-4.51,9298
-4.39,9308
-4.59,9318
-4.19,9328
-4.69,9338
-4.48,9348
-4.51,9358
-4.30,9368
-4.67,9378
-4.20,9388
-4.41,9398
-4.10,9408
-4.53,9418
-4.41,9428
-4.40,9438
-4.36,9448
-4.44,9458
-4.18,9468
-4.63,9478
-4.27,9488
-4.45,9498
-4.12,9508
-4.58,9518
-3.97,9528
-4.12,9538
-4.19,9548
-4.30,9558
-4.23,9568
-4.34,9578
-4.05,9588
-4.20,9598
-4.13,9608
-4.21,9618
-4.25,9628
-4.37,9638
-4.29,9648
-4.37,9658
-4.25,9668
-4.22,9678
-4.23,9688
-4.34,9698
-4.30,9708
-4.20,9718
-4.20,9728
-4.10,9738
-4.24,9748
-4.14,9758
-4.16,9768
-4.51,9778
-4.06,9788
-4.32,9798
-4.10,9808
-4.24,9818
-4.10,9828
-4.11,9838
-4.03,9848
-4.35,9858
-4.24,9868
-4.09,9878
-3.94,9888
-4.23,9898
-3.98,9908
-4.30,9918
-4.09,9928
-4.24,9938
-4.15,9948
-4.12,9958
-3.94,9968
-4.18,9978
-4.21,9988
-4.20,9998
-4.09,10008
-4.23,10018
-3.98,10028
-4.22,10038
-4.09,10048
-4.23,10058
-4.03,10068
-4.45,10078
-4.03,10088
-4.36,10098
-4.15,10108
-4.22,10118
-4.10,10128
-4.05,10138
-4.07,10148
-4.05,10158
-3.93,10168
-4.22,10178
-4.06,10188
-4.05,10198
-4.02,10208
-4.00,10218
-3.95,10228
-4.19,10238
-3.98,10248
-4.22,10258
-3.84,10268
-4.20,10278
-3.81,10288
-4.13,10298
-3.82,10308
-4.21,10318
-3.89,10328
-4.10,10338
-4.02,10348
-4.22,10358
-3.97,10368
-4.05,10378
-4.00,10388
-4.05,10398
-3.86,10408
-4.10,10418
-4.04,10428
-4.07,10438
-4.06,10448
-4.13,10458
-3.90,10468
-4.08,10478
-3.75,10488
-4.12,10498
-3.76,10508
-4.00,10518
-3.87,10528
-4.02,10538
-3.94,10548
-3.98,10558
-3.86,10568
-3.93,10578
-3.84,10588
-3.91,10598
-3.69,10608
-3.77,10618
-3.63,10628
-3.81,10638
-3.78,10648
-3.93,10658
-3.73,10668
-3.85,10678
-3.75,10688
-3.82,10698
-3.53,10708
-3.83,10718
-3.71,10728
-3.83,10738
-3.57,10748
-3.84,10758
-3.76,10768
-4.10,10778
-3.58,10788
-3.86,10798
-3.86,10808
-4.12,10818
-3.58,10828
-3.76,10838
-3.87,10848
-4.06,10858
-3.41,10868
-3.77,10878
-3.80,10888
-3.94,10898
-3.66,10908
-3.91,10918
-3.68,10928
-4.02,10938
-3.46,10948
-3.91,10958
-3.46,10968
-3.77,10978
-3.76,10988
-3.77,10998
-3.52,11008
-3.80,11018
-3.58,11028
-3.84,11038
-0.09,11048
-3.86,11058
-3.77,11068
-4.04,11078
-3.65,11088
-3.98,11098
-3.62,11108
-3.89,11118
-3.64,11128
-3.81,11138
-3.61,11148
-3.98,11158
-3.73,11168
-3.96,11178
-3.57,11188
-3.73,11198
-3.64,11208
-3.71,11218
-3.55,11228
-3.98,11238
-3.64,11248
-3.80,11258
-3.59,11268
-3.82,11278
-3.55,11288
-3.75,11298
-3.47,11308
-3.92,11318
-3.37,11328
-3.80,11338
-3.42,11348
-3.70,11358
-3.62,11368
-3.77,11378
-3.47,11388
-3.79,11398
-3.45,11408
-3.60,11418
-3.52,11428
-3.58,11438
-3.52,11448
-3.65,11458
-3.48,11468
-3.80,11478
-3.31,11488
-3.56,11498
-3.37,11508
-3.47,11518
-3.28,11528
-3.54,11538
-3.36,11548
-3.67,11558
-3.52,11568
-3.72,11578
-3.26,11588
-3.55,11598
-3.33,11608
-3.72,11618
-3.33,11628
-3.62,11638
-3.31,11648
-3.52,11658
-3.30,11668
-3.48,11678
-3.29,11688
-3.46,11698
-3.36,11708
-3.41,11718
-3.17,11728
-3.45,11738
-3.34,11748
-3.30,11758
-3.19,11768
-3.40,11778
-3.31,11788
-3.37,11798
-3.30,11808
-3.38,11818
-2.99,11828
-3.44,11838
-3.10,11848
-3.16,11858
-3.02,11868
-3.27,11878
-3.05,11888
-3.14,11898
-2.95,11908
-3.11,11918
-2.98,11928
-3.23,11938
-2.83,11948
-3.05,11958
-2.71,11968
-3.19,11978
-2.65,11988
-2.94,11998
-2.60,12008
-2.78,12018
-2.62,12028
-2.59,12038
-2.64,12048
-2.77,12058
-2.59,12068
-2.87,12078
-2.55,12088
-2.77,12098
-2.45,12108
-2.47,12118
-2.35,12128
-2.50,12138
-2.53,12148
-2.54,12158
-2.31,12168
-2.62,12178
-2.48,12188
-2.41,12198
-2.23,12208
-2.45,12218
-2.20,12228
-2.55,12238
-2.35,12248
-2.37,12258
-2.16,12268
-2.34,12278
-2.19,12288
-2.22,12298
-2.23,12308
-2.29,12318
-2.15,12328
-2.23,12338
-1.59,12348
-2.05,12358
-1.87,12368
-1.97,12378
-1.91,12388
-2.14,12398
-1.86,12408
-2.00,12418
-1.75,12428
-2.01,12438
-1.75,12448
-1.90,12458
-1.81,12468
-1.97,12478
-1.67,12488
-2.00,12498
-1.62,12508
-1.64,12518
-1.61,12528
-1.81,12538
-1.64,12548
-1.73,12558
-1.72,12568
-1.76,12578
-1.74,12588
-1.73,12598
-1.86,12608
-1.93,12618
-1.73,12628
-1.79,12638
-1.63,12648
-1.76,12658
-1.59,12668
-1.80,12678
-1.63,12688
-1.89,12698
-1.64,12708
-1.77,12718
-1.73,12728
-1.98,12738
-1.76,12748
-1.88,12758
-1.72,12768
-1.88,12778
-1.62,12788
-1.75,12798
-1.27,12808
-1.35,12818
-1.16,12828
-1.24,12838
-1.27,12848
-1.31,12858
-1.09,12868
-1.16,12878
-1.00,12888
-1.30,12898
-1.20,12908
-1.44,12918
-1.18,12928
-1.39,12938
-1.20,12948
-1.57,12958
-1.41,12968
-1.49,12978
-1.12,12988
-1.27,12998
